,Card 1,Card 2,Card 3,sums
0,10,5,8,23
1,10,10,9,29
2,6,1,7,14
3,4,10,8,22
4,5,8,6,19
5,6,7,9,22
6,6,4,3,13
7,8,2,1,11
8,7,10,1,18
9,10,10,3,23
10,10,3,3,16
11,5,10,10,25
12,10,10,7,27
13,5,4,2,11
14,9,1,9,19
15,4,2,2,8
16,2,4,2,8
17,8,7,10,25
18,1,7,3,11
19,9,6,9,24
20,8,1,9,18
21,10,9,2,21
22,5,7,6,18
23,4,8,10,22
24,10,10,5,25
25,1,10,10,21
26,10,10,3,23
27,2,3,8,13
28,1,6,6,13
29,10,5,10,25
30,5,7,3,15
31,4,10,4,18
32,10,9,3,22
33,2,9,9,20
34,8,9,10,27
35,10,5,5,20
36,10,10,4,24
37,1,1,6,8
38,2,10,3,15
39,8,1,10,19
40,2,4,10,16
41,3,7,2,12
42,6,6,4,16
43,6,4,10,20
44,8,1,10,19
45,3,7,7,17
46,10,5,7,22
47,5,10,8,23
48,2,10,7,19
49,2,1,5,8
50,10,8,8,26
51,10,5,8,23
52,9,8,10,27
53,4,7,10,21
54,6,9,3,18
55,6,4,10,20
56,3,10,1,14
57,6,1,4,11
58,2,5,3,10
59,10,3,9,22
60,1,6,5,12
61,2,10,10,22
62,10,7,9,26
63,4,10,7,21
64,10,6,1,17
65,8,2,10,20
66,8,2,8,18
67,10,3,10,23
68,1,5,3,9
69,10,2,7,19
70,4,10,5,19
71,6,7,1,14
72,7,10,2,19
73,10,4,4,18
74,7,4,5,16
75,1,10,10,21
76,10,9,9,28
77,3,10,6,19
78,6,9,3,18
79,9,8,5,22
80,10,2,2,14
81,7,7,1,15
82,5,3,5,13
83,3,10,4,17
84,10,8,4,22
85,2,5,10,17
86,10,10,10,30
87,5,2,8,15
88,10,6,3,19
89,4,8,6,18
90,9,1,9,19
91,9,10,10,29
92,10,6,10,26
93,4,8,7,19
94,3,7,9,19
95,1,1,6,8
96,10,1,9,20
97,3,7,3,13
98,10,1,5,16
99,5,2,5,12
100,10,4,4,18
101,10,6,9,25
102,6,9,10,25
103,9,1,10,20
104,10,8,4,22
105,10,8,1,19
106,7,7,4,18
107,8,7,6,21
108,10,2,2,14
109,2,10,10,22
110,5,3,6,14
111,10,8,3,21
112,5,3,7,15
113,6,6,3,15
114,8,10,10,28
115,3,8,3,14
116,2,7,10,19
117,10,6,10,26
118,5,10,9,24
119,5,10,4,19
120,7,4,1,12
121,2,1,10,13
122,2,7,10,19
123,8,1,5,14
124,4,9,9,22
125,10,9,2,21
126,8,6,4,18
127,10,1,10,21
128,3,10,1,14
129,8,6,6,20
130,10,7,10,27
131,1,8,7,16
132,4,10,9,23
133,8,10,10,28
134,1,1,4,6
135,2,6,10,18
136,4,2,3,9
137,10,10,5,25
138,10,8,7,25
139,3,2,5,10
140,9,10,10,29
141,6,5,9,20
142,7,2,5,14
143,4,3,9,16
144,5,6,8,19
145,4,10,10,24
146,7,5,10,22
147,1,6,7,14
148,10,5,7,22
149,10,10,1,21
150,10,4,10,24
151,2,3,9,14
152,10,10,10,30
153,4,8,9,21
154,8,7,6,21
155,8,10,2,20
156,2,2,1,5
157,3,6,9,18
158,5,9,4,18
159,3,3,1,7
160,9,5,6,20
161,5,9,9,23
162,10,6,3,19
163,8,1,4,13
164,7,10,8,25
165,7,10,2,19
166,6,7,3,16
167,4,3,10,17
168,8,10,6,24
169,2,10,10,22
170,9,10,8,27
171,10,3,4,17
172,4,5,7,16
173,10,2,2,14
174,1,10,1,12
175,10,5,1,16
176,5,7,9,21
177,3,6,3,12
178,10,2,10,22
179,7,6,1,14
180,7,10,1,18
181,8,1,10,19
182,4,10,10,24
183,2,10,6,18
184,4,8,10,22
185,5,1,8,14
186,8,3,9,20
187,3,10,4,17
188,7,10,9,26
189,6,4,9,19
190,10,2,5,17
191,5,2,10,17
192,10,9,4,23
193,9,1,10,20
194,6,3,10,19
195,7,4,7,18
196,5,1,10,16
197,10,1,4,15
198,2,10,8,20
199,10,10,9,29
200,2,10,9,21
201,8,10,6,24
202,5,3,2,10
203,3,3,7,13
204,2,6,10,18
205,8,1,7,16
206,10,6,5,21
207,4,8,5,17
208,1,6,10,17
209,5,2,5,12
210,7,5,4,16
211,10,10,7,27
212,3,6,6,15
213,3,7,5,15
214,9,9,3,21
215,8,9,8,25
216,2,2,9,13
217,8,4,10,22
218,10,4,10,24
219,7,10,10,27
220,2,1,6,9
221,1,8,10,19
222,1,4,10,15
223,3,10,10,23
224,2,5,2,9
225,10,7,8,25
226,7,10,8,25
227,5,7,9,21
228,1,5,4,10
229,1,3,9,13
230,10,6,4,20
231,10,10,6,26
232,10,3,6,19
233,8,10,9,27
234,3,5,10,18
235,3,2,8,13
236,7,10,4,21
237,6,1,1,8
238,10,10,9,29
239,4,2,10,16
240,10,4,10,24
241,5,10,2,17
242,2,8,4,14
243,3,2,10,15
244,7,3,10,20
245,7,8,3,18
246,7,10,9,26
247,7,10,9,26
248,9,10,6,25
249,4,8,1,13
250,6,10,8,24
251,6,1,5,12
252,10,1,5,16
253,3,1,4,8
254,6,10,5,21
255,2,10,9,21
256,3,1,10,14
257,10,9,5,24
258,10,6,4,20
259,1,2,9,12
260,5,10,9,24
261,2,8,7,17
262,1,10,7,18
263,4,7,5,16
264,6,9,10,25
265,3,6,7,16
266,8,3,6,17
267,2,10,4,16
268,10,10,2,22
269,8,10,10,28
270,4,5,3,12
271,10,1,8,19
272,1,10,6,17
273,10,8,9,27
274,10,10,3,23
275,10,10,9,29
276,1,7,10,18
277,10,1,1,12
278,10,10,7,27
279,4,6,5,15
280,7,5,5,17
281,6,3,4,13
282,2,2,10,14
283,5,7,8,20
284,2,9,2,13
285,6,4,9,19
286,8,3,10,21
287,8,3,4,15
288,2,4,7,13
289,6,3,7,16
290,3,5,1,9
291,9,3,2,14
292,2,6,4,12
293,6,5,10,21
294,10,2,10,22
295,9,7,1,17
296,9,8,10,27
297,10,9,10,29
298,10,10,1,21
299,8,3,5,16
300,10,8,6,24
301,10,8,10,28
302,4,4,7,15
303,5,10,1,16
304,10,8,2,20
305,1,3,3,7
306,6,9,6,21
307,10,3,8,21
308,1,10,4,15
309,2,2,10,14
310,9,7,9,25
311,10,7,7,24
312,1,10,4,15
313,3,7,6,16
314,6,4,8,18
315,10,10,10,30
316,5,10,2,17
317,4,5,5,14
318,5,10,9,24
319,10,1,8,19
320,4,1,8,13
321,10,5,5,20
322,1,10,2,13
323,7,3,3,13
324,9,6,10,25
325,10,10,10,30
326,6,10,1,17
327,5,9,2,16
328,7,4,1,12
329,7,3,4,14
330,2,3,8,13
331,10,10,5,25
332,8,4,6,18
333,6,8,10,24
334,9,9,2,20
335,7,10,10,27
336,1,7,1,9
337,3,5,2,10
338,10,7,10,27
339,4,10,10,24
340,5,6,10,21
341,8,7,10,25
342,5,6,3,14
343,1,2,8,11
344,10,1,3,14
345,4,8,8,20
346,4,6,2,12
347,10,9,2,21
348,10,9,3,22
349,5,7,6,18
350,9,10,10,29
351,4,10,9,23
352,8,4,10,22
353,10,10,10,30
354,10,6,5,21
355,3,4,10,17
356,10,1,10,21
357,8,2,2,12
358,10,10,5,25
359,1,4,5,10
360,9,1,8,18
361,3,5,10,18
362,10,6,9,25
363,8,6,2,16
364,3,2,7,12
365,4,9,7,20
366,7,6,3,16
367,7,9,1,17
368,2,7,7,16
369,10,5,8,23
370,10,2,4,16
371,2,8,10,20
372,8,10,10,28
373,10,9,6,25
374,1,4,6,11
375,3,10,10,23
376,9,2,8,19
377,6,5,4,15
378,4,3,10,17
379,1,1,7,9
380,9,10,6,25
381,1,5,10,16
382,7,10,5,22
383,9,3,3,15
384,6,7,1,14
385,6,10,2,18
386,4,1,7,12
387,7,10,8,25
388,9,10,4,23
389,3,10,8,21
390,1,5,3,9
391,9,8,6,23
392,10,4,3,17
393,10,7,10,27
394,4,6,5,15
395,10,10,2,22
396,10,8,2,20
397,9,10,9,28
398,5,5,1,11
399,10,3,2,15
400,10,3,8,21
401,10,10,5,25
402,1,6,7,14
403,5,2,10,17
404,2,9,10,21
405,10,10,3,23
406,3,3,10,16
407,9,6,2,17
408,7,1,4,12
409,8,4,1,13
410,10,5,7,22
411,10,4,10,24
412,2,4,8,14
413,6,10,5,21
414,7,9,9,25
415,8,1,6,15
416,3,6,5,14
417,5,2,1,8
418,8,5,3,16
419,2,8,6,16
420,1,10,10,21
421,1,2,7,10
422,9,10,4,23
423,10,6,10,26
424,6,2,10,18
425,5,10,4,19
426,3,10,8,21
427,1,10,9,20
428,8,10,10,28
429,3,7,9,19
430,9,7,4,20
431,4,7,10,21
432,10,7,1,18
433,10,8,3,21
434,5,5,10,20
435,4,7,9,20
436,4,10,6,20
437,9,6,3,18
438,2,10,10,22
439,7,9,2,18
440,10,8,2,20
441,10,7,3,20
442,2,3,9,14
443,1,5,10,16
444,6,1,10,17
445,1,8,5,14
446,6,4,10,20
447,4,10,8,22
448,10,5,8,23
449,10,10,6,26
450,1,7,10,18
451,2,9,7,18
452,7,10,8,25
453,4,7,10,21
454,6,9,10,25
455,9,4,8,21
456,8,2,3,13
457,10,5,3,18
458,3,1,10,14
459,10,2,5,17
460,10,2,3,15
461,4,10,4,18
462,9,6,1,16
463,6,5,1,12
464,7,10,9,26
465,10,2,8,20
466,10,9,10,29
467,10,2,4,16
468,7,10,6,23
469,10,4,10,24
470,10,6,10,26
471,2,4,6,12
472,5,2,9,16
473,3,3,4,10
474,8,5,3,16
475,8,7,7,22
476,9,5,1,15
477,1,1,3,5
478,8,10,1,19
479,10,5,6,21
480,5,8,6,19
481,10,6,4,20
482,9,8,10,27
483,9,4,10,23
484,9,6,10,25
485,2,10,10,22
486,1,3,4,8
487,3,7,1,11
488,6,10,5,21
489,7,8,10,25
490,9,10,5,24
491,10,7,10,27
492,10,4,1,15
493,2,7,2,11
494,1,3,8,12
495,3,2,5,10
496,5,6,2,13
497,8,7,2,17
498,2,2,9,13
499,5,4,10,19
500,5,4,10,19
501,7,3,1,11
502,9,4,9,22
503,6,1,3,10
504,8,10,10,28
505,7,3,6,16
506,10,10,9,29
507,10,8,1,19
508,10,7,3,20
509,5,10,8,23
510,4,10,10,24
511,6,10,1,17
512,3,6,10,19
513,5,8,5,18
514,9,7,10,26
515,4,10,10,24
516,1,10,6,17
517,10,7,6,23
518,9,10,4,23
519,7,2,9,18
520,8,9,3,20
521,10,5,4,19
522,6,10,10,26
523,1,3,10,14
524,5,4,2,11
525,10,8,1,19
526,7,1,2,10
527,3,2,8,13
528,10,4,3,17
529,5,1,9,15
530,10,6,10,26
531,5,4,10,19
532,7,9,5,21
533,3,2,10,15
534,8,10,10,28
535,9,7,3,19
536,1,8,3,12
537,9,8,1,18
538,6,10,6,22
539,10,5,10,25
540,2,7,2,11
541,1,2,8,11
542,10,7,4,21
543,4,6,10,20
544,5,6,8,19
545,10,9,4,23
546,9,2,2,13
547,10,6,10,26
548,2,4,6,12
549,7,6,1,14
550,3,10,3,16
551,7,3,10,20
552,9,5,4,18
553,2,10,1,13
554,7,1,4,12
555,8,10,1,19
556,10,8,10,28
557,5,5,8,18
558,9,7,3,19
559,10,10,10,30
560,10,6,10,26
561,1,7,9,17
562,9,2,4,15
563,5,6,10,21
564,3,1,10,14
565,4,5,8,17
566,2,2,7,11
567,7,4,3,14
568,10,9,1,20
569,5,3,10,18
570,9,10,3,22
571,6,8,10,24
572,10,10,10,30
573,7,4,10,21
574,1,5,6,12
575,8,2,8,18
576,10,10,10,30
577,10,9,3,22
578,6,9,1,16
579,10,7,8,25
580,3,4,1,8
581,6,9,7,22
582,10,4,3,17
583,10,5,8,23
584,7,1,1,9
585,2,6,6,14
586,5,10,8,23
587,4,10,7,21
588,8,2,4,14
589,9,3,2,14
590,10,5,2,17
591,5,10,10,25
592,8,5,10,23
593,7,5,2,14
594,10,10,6,26
595,10,9,9,28
596,4,10,4,18
597,7,4,5,16
598,1,8,5,14
599,10,10,2,22
600,9,10,3,22
601,7,7,10,24
602,3,3,6,12
603,2,2,4,8
604,1,8,10,19
605,10,6,6,22
606,1,8,9,18
607,1,10,3,14
608,6,3,10,19
609,7,8,10,25
610,2,8,10,20
611,3,2,10,15
612,10,10,7,27
613,1,10,5,16
614,10,9,4,23
615,4,8,3,15
616,1,10,9,20
617,1,2,3,6
618,9,6,10,25
619,7,5,4,16
620,10,8,6,24
621,10,6,5,21
622,1,9,5,15
623,7,2,4,13
624,10,3,9,22
625,10,6,4,20
626,6,4,7,17
627,10,3,2,15
628,4,8,10,22
629,10,10,9,29
630,6,1,10,17
631,5,1,2,8
632,5,10,9,24
633,1,9,4,14
634,2,8,5,15
635,10,10,7,27
636,2,5,10,17
637,3,1,8,12
638,7,10,3,20
639,6,7,8,21
640,9,6,4,19
641,10,7,7,24
642,4,10,10,24
643,4,3,8,15
644,8,1,5,14
645,1,10,6,17
646,3,1,9,13
647,9,10,3,22
648,10,6,2,18
649,8,5,1,14
650,2,10,10,22
651,5,10,10,25
652,8,9,6,23
653,3,5,2,10
654,2,4,7,13
655,7,10,10,27
656,9,2,7,18
657,6,5,10,21
658,4,5,1,10
659,3,8,8,19
660,8,6,10,24
661,9,1,10,20
662,1,3,9,13
663,4,1,7,12
664,10,10,7,27
665,2,2,10,14
666,10,10,3,23
667,6,5,10,21
668,3,6,4,13
669,9,10,5,24
670,7,2,8,17
671,4,10,10,24
672,8,9,2,19
673,9,7,5,21
674,4,6,4,14
675,1,7,10,18
676,3,8,10,21
677,10,10,5,25
678,6,8,10,24
679,5,1,7,13
680,10,2,1,13
681,9,10,10,29
682,6,10,10,26
683,8,2,4,14
684,6,5,3,14
685,10,2,3,15
686,1,10,9,20
687,7,3,4,14
688,3,7,9,19
689,6,7,10,23
690,5,3,1,9
691,5,10,1,16
692,5,10,3,18
693,10,10,8,28
694,10,6,8,24
695,7,9,3,19
696,2,6,6,14
697,10,1,4,15
698,7,4,1,12
699,10,8,10,28
700,4,2,9,15
701,2,4,2,8
702,9,5,10,24
703,10,8,10,28
704,10,10,10,30
705,6,7,5,18
706,3,4,8,15
707,5,3,2,10
708,9,6,10,25
709,1,6,7,14
710,10,10,1,21
711,8,10,10,28
712,2,9,6,17
713,1,3,2,6
714,3,4,5,12
715,4,8,2,14
716,1,8,10,19
717,10,9,10,29
718,7,10,7,24
719,5,9,4,18
720,6,6,5,17
721,2,4,3,9
722,5,2,2,9
723,9,10,1,20
724,10,6,10,26
725,7,10,10,27
726,5,10,9,24
727,6,10,1,17
728,3,9,8,20
729,7,7,5,19
730,10,10,4,24
731,4,8,3,15
732,1,10,8,19
733,4,10,8,22
734,2,3,10,15
735,1,7,9,17
736,7,5,9,21
737,3,2,5,10
738,3,4,9,16
739,1,1,10,12
740,4,7,2,13
741,9,6,6,21
742,10,1,7,18
743,6,5,10,21
744,8,10,5,23
745,4,10,2,16
746,8,7,10,25
747,6,2,3,11
748,8,10,9,27
749,3,1,10,14
750,4,10,10,24
751,10,8,10,28
752,5,2,3,10
753,2,4,5,11
754,9,10,7,26
755,3,5,6,14
756,8,6,8,22
757,1,4,1,6
758,9,10,10,29
759,10,9,2,21
760,4,10,2,16
761,1,10,3,14
762,10,10,10,30
763,5,3,10,18
764,7,1,6,14
765,8,10,4,22
766,6,10,8,24
767,7,7,9,23
768,3,5,1,9
769,10,10,10,30
770,9,8,10,27
771,2,10,8,20
772,6,10,8,24
773,7,10,9,26
774,7,1,1,9
775,10,4,3,17
776,2,5,10,17
777,3,6,5,14
778,10,3,6,19
779,4,9,7,20
780,7,9,6,22
781,10,2,8,20
782,4,5,10,19
783,1,2,4,7
784,1,2,10,13
785,4,5,1,10
786,7,9,10,26
787,10,5,7,22
788,5,9,3,17
789,6,6,2,14
790,4,7,1,12
791,2,8,6,16
792,10,1,10,21
793,10,3,8,21
794,10,4,10,24
795,2,10,10,22
796,3,8,9,20
797,5,8,7,20
798,3,10,6,19
799,4,10,9,23
800,1,1,6,8
801,9,2,4,15
802,5,9,10,24
803,10,4,4,18
804,10,10,3,23
805,10,5,3,18
806,4,1,10,15
807,9,10,1,20
808,10,8,9,27
809,3,5,10,18
810,7,5,8,20
811,6,6,2,14
812,2,7,3,12
813,2,6,7,15
814,10,8,10,28
815,7,8,10,25
816,3,6,10,19
817,7,3,6,16
818,10,8,1,19
819,9,2,4,15
820,6,10,7,23
821,4,2,5,11
822,10,10,9,29
823,8,10,10,28
824,3,5,7,15
825,8,2,10,20
826,3,4,7,14
827,2,10,10,22
828,9,8,9,26
829,10,1,1,12
830,4,6,10,20
831,1,5,5,11
832,2,7,9,18
833,4,8,7,19
834,10,4,4,18
835,10,6,5,21
836,10,10,2,22
837,3,2,1,6
838,1,9,9,19
839,1,10,3,14
840,3,8,4,15
841,6,3,1,10
842,8,5,5,18
843,6,5,10,21
844,10,7,10,27
845,10,7,9,26
846,6,10,2,18
847,8,10,10,28
848,4,2,2,8
849,8,10,6,24
850,6,7,10,23
851,10,9,10,29
852,5,10,1,16
853,8,5,8,21
854,10,10,4,24
855,3,1,10,14
856,2,10,7,19
857,1,5,3,9
858,3,9,3,15
859,10,7,4,21
860,7,6,9,22
861,6,4,5,15
862,10,2,9,21
863,8,10,1,19
864,10,6,2,18
865,5,3,2,10
866,4,10,10,24
867,10,6,5,21
868,8,4,9,21
869,10,10,9,29
870,8,10,2,20
871,6,7,1,14
872,10,10,10,30
873,2,5,7,14
874,4,7,9,20
875,8,10,6,24
876,1,9,7,17
877,1,3,3,7
878,4,1,10,15
879,5,8,3,16
880,3,6,2,11
881,1,4,1,6
882,9,10,9,28
883,10,4,5,19
884,3,1,7,11
885,2,10,3,15
886,3,5,8,16
887,9,10,4,23
888,7,1,10,18
889,10,10,10,30
890,5,8,8,21
891,6,6,10,22
892,9,8,10,27
893,10,7,2,19
894,10,7,2,19
895,4,6,5,15
896,3,5,10,18
897,6,10,10,26
898,2,3,6,11
899,10,1,10,21
900,8,10,9,27
901,2,10,10,22
902,8,6,5,19
903,10,1,1,12
904,9,4,1,14
905,8,6,7,21
906,5,3,4,12
907,4,7,7,18
908,9,2,10,21
909,5,4,10,19
910,8,9,7,24
911,3,2,10,15
912,8,10,6,24
913,8,2,9,19
914,7,4,1,12
915,9,10,5,24
916,7,7,9,23
917,6,7,8,21
918,5,8,10,23
919,10,1,4,15
920,3,4,3,10
921,1,6,5,12
922,10,10,2,22
923,1,3,10,14
924,3,5,10,18
925,2,10,9,21
926,4,2,10,16
927,10,10,6,26
928,9,4,7,20
929,2,3,1,6
930,10,10,8,28
931,6,10,5,21
932,8,3,1,12
933,9,7,5,21
934,4,4,3,11
935,10,8,5,23
936,1,9,4,14
937,5,10,2,17
938,10,2,8,20
939,6,10,7,23
940,10,2,10,22
941,3,10,10,23
942,6,7,10,23
943,1,9,6,16
944,8,7,10,25
945,10,8,1,19
946,1,6,10,17
947,9,2,10,21
948,4,7,5,16
949,9,6,9,24
950,5,7,5,17
951,3,5,4,12
952,8,2,6,16
953,10,10,10,30
954,10,10,4,24
955,2,1,1,4
956,4,3,3,10
957,9,8,10,27
958,10,6,7,23
959,3,2,10,15
960,2,7,4,13
961,10,1,2,13
962,6,4,10,20
963,8,9,7,24
964,9,10,10,29
965,5,10,10,25
966,4,5,6,15
967,7,5,7,19
968,6,2,8,16
969,8,1,10,19
970,10,9,10,29
971,3,10,2,15
972,8,5,10,23
973,3,1,10,14
974,3,4,6,13
975,3,9,1,13
976,10,4,5,19
977,2,10,1,13
978,10,3,1,14
979,7,4,3,14
980,7,6,10,23
981,9,3,4,16
982,8,8,5,21
983,2,4,8,14
984,10,6,10,26
985,9,2,10,21
986,7,10,1,18
987,3,6,6,15
988,9,10,2,21
989,10,10,10,30
990,9,8,1,18
991,7,5,5,17
992,9,10,8,27
993,10,10,10,30
994,10,8,4,22
995,6,5,5,16
996,6,2,10,18
997,1,8,3,12
998,4,10,10,24
999,1,1,2,4
1000,9,4,7,20
1001,7,6,7,20
1002,2,3,3,8
1003,10,6,8,24
1004,2,9,5,16
1005,9,3,7,19
1006,4,5,10,19
1007,10,10,1,21
1008,9,2,8,19
1009,9,10,10,29
1010,4,5,10,19
1011,10,6,6,22
1012,10,5,2,17
1013,3,10,7,20
1014,10,2,7,19
1015,10,4,5,19
1016,7,1,4,12
1017,3,2,3,8
1018,10,8,10,28
1019,10,1,9,20
1020,5,1,1,7
1021,6,8,6,20
1022,4,9,3,16
1023,7,10,8,25
1024,10,8,5,23
1025,6,3,10,19
1026,1,10,7,18
1027,1,2,1,4
1028,10,10,4,24
1029,9,9,10,28
1030,2,8,3,13
1031,4,2,10,16
1032,5,9,10,24
1033,5,1,6,12
1034,8,4,7,19
1035,6,7,4,17
1036,10,7,8,25
1037,3,6,10,19
1038,10,2,3,15
1039,10,9,5,24
1040,10,1,10,21
1041,6,6,9,21
1042,10,2,8,20
1043,10,8,10,28
1044,10,4,2,16
1045,10,7,7,24
1046,3,10,6,19
1047,8,1,6,15
1048,10,10,1,21
1049,8,4,5,17
1050,5,10,9,24
1051,5,7,10,22
1052,5,9,3,17
1053,7,2,2,11
1054,4,4,9,17
1055,1,3,3,7
1056,6,8,3,17
1057,9,9,10,28
1058,5,6,10,21
1059,6,2,1,9
1060,8,7,10,25
1061,4,10,6,20
1062,2,4,10,16
1063,3,10,3,16
1064,1,9,10,20
1065,4,10,8,22
1066,9,10,10,29
1067,7,5,8,20
1068,5,5,7,17
1069,1,2,7,10
1070,10,1,10,21
1071,2,3,4,9
1072,1,10,10,21
1073,5,4,8,17
1074,4,10,10,24
1075,1,3,9,13
1076,10,2,2,14
1077,2,3,10,15
1078,8,3,4,15
1079,3,10,6,19
1080,10,2,5,17
1081,6,4,5,15
1082,7,9,7,23
1083,1,5,10,16
1084,10,9,6,25
1085,1,9,8,18
1086,7,7,6,20
1087,10,8,10,28
1088,2,9,6,17
1089,6,5,10,21
1090,2,3,4,9
1091,10,4,7,21
1092,10,9,8,27
1093,4,3,9,16
1094,10,10,3,23
1095,1,6,6,13
1096,7,8,3,18
1097,2,5,7,14
1098,5,2,1,8
1099,1,5,10,16
1100,8,10,1,19
1101,4,7,10,21
1102,10,8,9,27
1103,10,10,10,30
1104,1,10,10,21
1105,10,10,1,21
1106,4,5,10,19
1107,10,3,8,21
1108,4,9,10,23
1109,10,4,10,24
1110,7,2,9,18
1111,1,6,7,14
1112,1,4,3,8
1113,8,6,3,17
1114,10,7,2,19
1115,5,9,7,21
1116,9,8,10,27
1117,10,8,6,24
1118,3,6,2,11
1119,5,2,5,12
1120,10,7,9,26
1121,9,4,5,18
1122,1,5,10,16
1123,10,10,8,28
1124,4,10,4,18
1125,10,10,1,21
1126,10,10,1,21
1127,3,7,5,15
1128,3,6,8,17
1129,8,2,2,12
1130,4,10,6,20
1131,1,7,10,18
1132,10,9,2,21
1133,5,3,2,10
1134,8,9,6,23
1135,7,6,3,16
1136,6,2,8,16
1137,1,4,10,15
1138,10,9,1,20
1139,2,2,10,14
1140,9,7,5,21
1141,1,6,10,17
1142,10,9,2,21
1143,8,4,9,21
1144,5,6,10,21
1145,7,3,10,20
1146,7,4,10,21
1147,10,8,8,26
1148,3,10,7,20
1149,5,3,10,18
1150,10,3,5,18
1151,4,6,1,11
1152,10,7,6,23
1153,4,9,4,17
1154,2,2,1,5
1155,3,10,3,16
1156,4,10,4,18
1157,8,10,5,23
1158,10,3,6,19
1159,10,1,10,21
1160,1,10,8,19
1161,10,5,7,22
1162,10,9,6,25
1163,1,2,3,6
1164,5,2,7,14
1165,9,10,10,29
1166,8,8,7,23
1167,6,5,9,20
1168,8,10,3,21
1169,6,4,10,20
1170,4,1,5,10
1171,2,10,10,22
1172,9,10,2,21
1173,9,8,7,24
1174,3,5,6,14
1175,10,4,2,16
1176,4,3,1,8
1177,6,5,10,21
1178,9,5,1,15
1179,10,10,9,29
1180,1,2,7,10
1181,8,10,10,28
1182,3,10,6,19
1183,7,8,7,22
1184,4,6,1,11
1185,10,10,10,30
1186,2,9,1,12
1187,10,9,2,21
1188,4,4,10,18
1189,10,10,3,23
1190,3,2,7,12
1191,8,10,10,28
1192,10,3,7,20
1193,6,4,1,11
1194,2,5,6,13
1195,7,8,5,20
1196,9,3,5,17
1197,6,9,8,23
1198,10,10,1,21
1199,5,8,7,20
1200,7,1,10,18
1201,6,7,10,23
1202,7,1,10,18
1203,6,1,3,10
1204,9,3,5,17
1205,9,4,5,18
1206,10,1,2,13
1207,3,10,10,23
1208,8,5,8,21
1209,3,2,7,12
1210,10,10,10,30
1211,8,2,9,19
1212,2,10,5,17
1213,4,9,4,17
1214,4,10,10,24
1215,8,6,6,20
1216,7,1,5,13
1217,5,5,10,20
1218,10,10,2,22
1219,4,8,3,15
1220,9,10,6,25
1221,10,9,3,22
1222,7,1,4,12
1223,8,4,3,15
1224,10,7,8,25
1225,8,9,6,23
1226,10,4,10,24
1227,3,2,6,11
1228,2,10,7,19
1229,10,10,10,30
1230,2,6,1,9
1231,9,1,5,15
1232,3,6,5,14
1233,5,1,2,8
1234,6,10,10,26
1235,7,2,4,13
1236,7,7,8,22
1237,4,9,8,21
1238,1,10,8,19
1239,9,4,5,18
1240,5,10,10,25
1241,10,3,10,23
1242,2,10,9,21
1243,1,7,8,16
1244,3,9,1,13
1245,4,6,10,20
1246,6,10,10,26
1247,2,3,10,15
1248,6,9,2,17
1249,8,10,3,21
1250,10,1,4,15
1251,7,10,5,22
1252,3,10,10,23
1253,1,3,2,6
1254,7,8,8,23
1255,5,2,10,17
1256,4,9,1,14
1257,10,8,4,22
1258,3,10,7,20
1259,5,9,10,24
1260,7,6,10,23
1261,6,9,10,25
1262,1,4,5,10
1263,10,6,2,18
1264,10,4,3,17
1265,5,10,5,20
1266,10,6,4,20
1267,3,10,1,14
1268,10,9,10,29
1269,4,10,6,20
1270,5,6,8,19
1271,10,7,9,26
1272,7,3,2,12
1273,1,2,10,13
1274,10,9,7,26
1275,9,10,1,20
1276,5,10,7,22
1277,4,8,2,14
1278,8,6,2,16
1279,1,8,3,12
1280,4,7,9,20
1281,7,9,3,19
1282,8,10,5,23
1283,5,10,10,25
1284,4,9,3,16
1285,2,6,2,10
1286,10,1,5,16
1287,6,8,10,24
1288,2,5,8,15
1289,10,10,7,27
1290,8,4,6,18
1291,7,10,6,23
1292,10,9,1,20
1293,3,1,2,6
1294,3,4,10,17
1295,10,1,10,21
1296,1,9,8,18
1297,2,10,7,19
1298,10,1,8,19
1299,9,1,10,20
1300,8,7,2,17
1301,2,6,4,12
1302,7,4,2,13
1303,4,3,10,17
1304,5,5,5,15
1305,10,9,6,25
1306,1,7,3,11
1307,10,6,8,24
1308,10,5,10,25
1309,3,9,10,22
1310,10,10,4,24
1311,3,6,10,19
1312,1,9,2,12
1313,9,8,10,27
1314,4,2,5,11
1315,2,8,8,18
1316,5,10,3,18
1317,4,3,10,17
1318,7,6,10,23
1319,8,1,5,14
1320,6,3,10,19
1321,6,7,6,19
1322,9,1,5,15
1323,10,7,10,27
1324,10,10,4,24
1325,10,3,7,20
1326,1,10,2,13
1327,10,9,4,23
1328,8,10,4,22
1329,5,3,6,14
1330,10,10,1,21
1331,10,3,8,21
1332,10,10,8,28
1333,6,4,5,15
1334,6,5,1,12
1335,7,4,3,14
1336,9,7,1,17
1337,10,8,10,28
1338,3,10,9,22
1339,2,2,9,13
1340,10,9,6,25
1341,10,2,5,17
1342,7,10,1,18
1343,7,4,2,13
1344,1,7,10,18
1345,10,10,9,29
1346,8,3,4,15
1347,6,3,7,16
1348,10,4,6,20
1349,8,10,3,21
1350,6,9,8,23
1351,8,5,2,15
1352,5,10,10,25
1353,9,6,3,18
1354,1,10,1,12
1355,1,4,7,12
1356,2,5,10,17
1357,10,4,10,24
1358,2,7,10,19
1359,5,9,2,16
1360,10,10,4,24
1361,8,10,7,25
1362,4,10,2,16
1363,3,9,10,22
1364,7,3,7,17
1365,9,8,4,21
1366,1,2,3,6
1367,5,6,1,12
1368,6,1,9,16
1369,10,7,9,26
1370,10,10,4,24
1371,6,6,3,15
1372,10,5,1,16
1373,10,10,10,30
1374,2,2,5,9
1375,8,8,5,21
1376,8,10,10,28
1377,2,1,9,12
1378,4,9,2,15
1379,4,10,6,20
1380,4,5,7,16
1381,8,5,8,21
1382,6,7,1,14
1383,10,7,10,27
1384,2,9,10,21
1385,10,10,6,26
1386,3,6,3,12
1387,2,10,3,15
1388,10,1,10,21
1389,3,9,8,20
1390,4,1,10,15
1391,5,5,7,17
1392,9,1,7,17
1393,1,6,2,9
1394,7,10,5,22
1395,4,6,8,18
1396,10,10,6,26
1397,9,10,10,29
1398,9,6,3,18
1399,1,8,5,14
1400,2,10,7,19
1401,10,5,4,19
1402,10,10,4,24
1403,3,9,10,22
1404,3,10,5,18
1405,8,4,2,14
1406,1,2,10,13
1407,7,8,3,18
1408,10,8,5,23
1409,7,6,6,19
1410,5,4,10,19
1411,8,2,9,19
1412,9,3,3,15
1413,1,9,9,19
1414,7,6,10,23
1415,10,10,5,25
1416,10,10,10,30
1417,6,5,1,12
1418,2,2,10,14
1419,10,4,4,18
1420,2,7,3,12
1421,8,1,4,13
1422,1,3,7,11
1423,10,10,8,28
1424,10,10,1,21
1425,4,10,2,16
1426,10,10,8,28
1427,3,10,5,18
1428,6,9,9,24
1429,5,5,8,18
1430,10,4,10,24
1431,8,10,5,23
1432,3,7,7,17
1433,10,7,6,23
1434,9,1,4,14
1435,1,8,3,12
1436,6,6,4,16
1437,10,7,10,27
1438,1,3,2,6
1439,2,9,2,13
1440,2,7,4,13
1441,8,6,10,24
1442,1,7,3,11
1443,8,6,10,24
1444,4,4,10,18
1445,6,8,10,24
1446,1,6,3,10
1447,8,3,4,15
1448,5,10,2,17
1449,5,5,2,12
1450,10,10,7,27
1451,9,9,3,21
1452,2,5,9,16
1453,7,10,10,27
1454,1,10,10,21
1455,9,10,1,20
1456,10,10,10,30
1457,9,6,10,25
1458,8,10,4,22
1459,7,10,10,27
1460,9,2,9,20
1461,6,9,5,20
1462,8,2,7,17
1463,3,10,1,14
1464,4,2,10,16
1465,10,7,5,22
1466,5,5,8,18
1467,3,3,1,7
1468,7,2,1,10
1469,10,6,1,17
1470,4,3,10,17
1471,6,4,8,18
1472,8,6,10,24
1473,2,2,7,11
1474,10,10,1,21
1475,8,6,6,20
1476,5,9,9,23
1477,8,3,7,18
1478,9,4,10,23
1479,3,2,5,10
1480,5,9,10,24
1481,3,1,6,10
1482,4,2,10,16
1483,7,7,5,19
1484,10,4,8,22
1485,10,10,1,21
1486,10,10,10,30
1487,3,4,1,8
1488,10,10,2,22
1489,8,1,5,14
1490,8,7,5,20
1491,2,9,4,15
1492,10,7,10,27
1493,1,1,4,6
1494,10,8,8,26
1495,6,4,2,12
1496,3,10,10,23
1497,9,5,2,16
1498,7,6,10,23
1499,10,3,6,19
1500,4,7,3,14
1501,6,3,10,19
1502,5,9,9,23
1503,10,1,10,21
1504,4,10,8,22
1505,3,4,3,10
1506,5,8,10,23
1507,10,2,10,22
1508,2,6,10,18
1509,4,9,1,14
1510,6,2,1,9
1511,5,10,6,21
1512,10,3,8,21
1513,6,7,5,18
1514,7,10,1,18
1515,4,5,3,12
1516,2,9,10,21
1517,10,9,7,26
1518,1,8,7,16
1519,10,10,9,29
1520,5,10,2,17
1521,7,1,10,18
1522,8,10,10,28
1523,9,9,7,25
1524,8,10,5,23
1525,10,3,1,14
1526,10,10,2,22
1527,8,4,9,21
1528,7,10,3,20
1529,4,10,4,18
1530,1,6,6,13
1531,5,6,9,20
1532,7,1,8,16
1533,3,5,6,14
1534,2,10,3,15
1535,2,10,4,16
1536,7,4,2,13
1537,10,9,10,29
1538,9,1,10,20
1539,8,5,2,15
1540,6,7,1,14
1541,3,5,4,12
1542,7,3,1,11
1543,10,8,10,28
1544,8,10,8,26
1545,4,10,5,19
1546,5,1,10,16
1547,10,3,3,16
1548,10,7,4,21
1549,2,10,2,14
1550,6,10,6,22
1551,9,9,6,24
1552,10,7,6,23
1553,9,7,10,26
1554,2,2,10,14
1555,5,10,3,18
1556,5,5,3,13
1557,8,1,10,19
1558,9,10,1,20
1559,9,10,8,27
1560,10,2,6,18
1561,2,1,4,7
1562,3,6,5,14
1563,8,1,10,19
1564,6,4,10,20
1565,7,10,3,20
1566,7,8,4,19
1567,10,4,9,23
1568,2,10,2,14
1569,6,3,5,14
1570,9,4,2,15
1571,1,8,3,12
1572,8,5,10,23
1573,9,5,10,24
1574,10,4,10,24
1575,6,10,10,26
1576,7,7,10,24
1577,8,10,10,28
1578,8,1,2,11
1579,4,9,3,16
1580,1,4,6,11
1581,5,3,9,17
1582,7,10,1,18
1583,10,7,6,23
1584,4,4,2,10
1585,3,8,9,20
1586,1,5,10,16
1587,8,10,4,22
1588,7,10,9,26
1589,3,7,2,12
1590,6,4,1,11
1591,8,9,10,27
1592,1,3,6,10
1593,5,10,8,23
1594,2,10,10,22
1595,10,6,10,26
1596,2,5,1,8
1597,7,7,5,19
1598,3,10,10,23
1599,10,9,6,25
1600,3,7,8,18
1601,8,5,9,22
1602,1,10,10,21
1603,3,6,3,12
1604,2,4,9,15
1605,10,10,2,22
1606,10,3,6,19
1607,9,10,7,26
1608,7,5,5,17
1609,4,10,1,15
1610,1,8,6,15
1611,10,10,10,30
1612,2,5,7,14
1613,4,6,1,11
1614,10,8,9,27
1615,10,4,2,16
1616,6,9,3,18
1617,9,2,3,14
1618,10,5,5,20
1619,8,10,7,25
1620,2,10,10,22
1621,8,7,5,20
1622,4,1,4,9
1623,4,7,5,16
1624,10,3,9,22
1625,4,10,1,15
1626,1,6,10,17
1627,7,1,10,18
1628,10,10,2,22
1629,6,8,10,24
1630,8,2,10,20
1631,3,6,9,18
1632,8,10,5,23
1633,3,7,4,14
1634,9,2,5,16
1635,10,2,10,22
1636,6,1,9,16
1637,2,7,10,19
1638,1,6,5,12
1639,5,10,2,17
1640,10,1,8,19
1641,3,10,7,20
1642,10,8,4,22
1643,8,4,10,22
1644,1,3,7,11
1645,3,4,10,17
1646,9,10,6,25
1647,6,10,9,25
1648,5,8,10,23
1649,10,4,1,15
1650,9,6,10,25
1651,10,9,3,22
1652,1,3,6,10
1653,7,4,10,21
1654,5,7,2,14
1655,7,10,7,24
1656,10,4,2,16
1657,6,3,10,19
1658,8,10,5,23
1659,10,8,8,26
1660,6,5,2,13
1661,2,3,9,14
1662,1,1,10,12
1663,4,10,9,23
1664,8,2,10,20
1665,9,4,8,21
1666,4,1,4,9
1667,3,9,1,13
1668,8,5,5,18
1669,10,10,10,30
1670,7,10,10,27
1671,2,7,5,14
1672,8,6,6,20
1673,10,2,7,19
1674,9,1,3,13
1675,10,9,2,21
1676,1,4,7,12
1677,5,10,6,21
1678,10,3,10,23
1679,6,10,3,19
1680,10,8,7,25
1681,9,10,5,24
1682,9,4,2,15
1683,10,1,9,20
1684,5,10,7,22
1685,10,10,5,25
1686,2,6,4,12
1687,8,4,1,13
1688,3,4,9,16
1689,1,7,2,10
1690,3,8,10,21
1691,10,5,7,22
1692,3,8,2,13
1693,10,1,6,17
1694,6,10,3,19
1695,6,10,10,26
1696,6,4,10,20
1697,10,4,7,21
1698,10,10,10,30
1699,1,7,8,16
1700,10,10,3,23
1701,8,5,10,23
1702,10,9,9,28
1703,6,8,5,19
1704,8,5,2,15
1705,6,10,4,20
1706,10,2,1,13
1707,1,10,9,20
1708,7,6,1,14
1709,3,5,3,11
1710,2,9,3,14
1711,4,2,7,13
1712,1,3,5,9
1713,10,7,10,27
1714,7,2,7,16
1715,8,10,4,22
1716,2,3,6,11
1717,5,10,5,20
1718,8,6,10,24
1719,2,6,1,9
1720,4,2,10,16
1721,8,4,10,22
1722,1,5,1,7
1723,9,3,9,21
1724,9,10,10,29
1725,10,10,7,27
1726,8,9,4,21
1727,6,10,3,19
1728,5,4,6,15
1729,4,2,10,16
1730,9,3,3,15
1731,8,10,7,25
1732,4,8,10,22
1733,9,1,10,20
1734,7,2,10,19
1735,10,8,5,23
1736,5,6,10,21
1737,9,6,10,25
1738,6,7,10,23
1739,1,1,5,7
1740,4,7,2,13
1741,10,10,10,30
1742,3,9,2,14
1743,1,8,3,12
1744,10,3,10,23
1745,3,9,6,18
1746,7,2,7,16
1747,4,5,10,19
1748,7,3,8,18
1749,3,5,8,16
1750,9,7,10,26
1751,4,8,2,14
1752,10,6,1,17
1753,8,10,1,19
1754,9,5,4,18
1755,1,10,6,17
1756,2,4,10,16
1757,1,9,10,20
1758,10,10,6,26
1759,2,5,10,17
1760,2,7,7,16
1761,5,3,9,17
1762,10,5,1,16
1763,10,6,4,20
1764,8,4,8,20
1765,7,8,10,25
1766,7,1,10,18
1767,9,10,3,22
1768,2,10,4,16
1769,5,3,3,11
1770,6,5,4,15
1771,9,10,8,27
1772,1,10,6,17
1773,10,1,10,21
1774,10,2,9,21
1775,10,6,2,18
1776,2,7,7,16
1777,6,1,6,13
1778,7,7,10,24
1779,5,10,8,23
1780,9,10,4,23
1781,5,10,10,25
1782,3,4,8,15
1783,10,2,9,21
1784,10,3,1,14
1785,10,8,1,19
1786,10,10,9,29
1787,4,8,2,14
1788,10,6,10,26
1789,1,5,6,12
1790,4,3,2,9
1791,5,3,9,17
1792,1,9,6,16
1793,10,6,8,24
1794,1,6,10,17
1795,10,5,3,18
1796,1,10,2,13
1797,6,10,4,20
1798,7,4,8,19
1799,5,5,1,11
1800,9,7,10,26
1801,4,10,10,24
1802,5,2,3,10
1803,10,7,10,27
1804,9,4,3,16
1805,2,10,7,19
1806,3,8,8,19
1807,9,10,2,21
1808,10,10,10,30
1809,1,8,6,15
1810,1,1,9,11
1811,10,2,5,17
1812,3,5,3,11
1813,10,6,7,23
1814,9,9,7,25
1815,2,10,4,16
1816,10,4,8,22
1817,3,7,8,18
1818,5,10,6,21
1819,7,10,8,25
1820,5,4,1,10
1821,6,2,10,18
1822,4,3,9,16
1823,10,2,10,22
1824,1,6,5,12
1825,6,3,8,17
1826,9,2,4,15
1827,2,2,7,11
1828,8,10,4,22
1829,10,10,9,29
1830,3,7,10,20
1831,10,8,8,26
1832,9,1,6,16
1833,10,5,2,17
1834,3,10,10,23
1835,10,1,1,12
1836,5,4,4,13
1837,6,5,10,21
1838,9,10,7,26
1839,3,10,7,20
1840,1,10,5,16
1841,10,5,9,24
1842,2,8,5,15
1843,10,10,4,24
1844,3,1,9,13
1845,7,10,10,27
1846,8,4,10,22
1847,6,9,10,25
1848,4,7,2,13
1849,10,6,2,18
1850,3,5,3,11
1851,8,2,1,11
1852,1,7,7,15
1853,10,6,10,26
1854,8,6,3,17
1855,4,10,9,23
1856,3,1,10,14
1857,7,10,10,27
1858,5,2,6,13
1859,1,6,6,13
1860,3,3,10,16
1861,7,8,10,25
1862,10,9,4,23
1863,5,10,2,17
1864,4,1,3,8
1865,10,2,2,14
1866,8,8,7,23
1867,4,5,1,10
1868,10,7,4,21
1869,10,9,9,28
1870,9,10,5,24
1871,6,10,8,24
1872,2,4,6,12
1873,10,10,3,23
1874,9,6,9,24
1875,1,10,5,16
1876,1,10,2,13
1877,1,10,3,14
1878,7,5,8,20
1879,8,9,1,18
1880,9,7,10,26
1881,3,5,10,18
1882,6,5,8,19
1883,3,10,10,23
1884,4,7,2,13
1885,8,10,4,22
1886,10,4,7,21
1887,10,6,2,18
1888,10,2,10,22
1889,3,10,2,15
1890,7,6,10,23
1891,1,10,1,12
1892,4,8,4,16
1893,5,9,4,18
1894,5,10,9,24
1895,10,7,10,27
1896,3,3,7,13
1897,10,6,6,22
1898,2,6,9,17
1899,8,7,3,18
1900,5,10,2,17
1901,8,10,4,22
1902,5,9,10,24
1903,1,8,1,10
1904,7,8,3,18
1905,1,1,8,10
1906,10,10,10,30
1907,10,10,2,22
1908,5,9,4,18
1909,8,4,10,22
1910,7,9,6,22
1911,4,8,2,14
1912,9,1,4,14
1913,10,6,6,22
1914,5,5,10,20
1915,2,6,2,10
1916,3,9,10,22
1917,10,3,10,23
1918,1,10,3,14
1919,7,5,7,19
1920,7,6,4,17
1921,10,10,3,23
1922,5,5,8,18
1923,9,9,10,28
1924,10,8,10,28
1925,4,4,10,18
1926,8,7,6,21
1927,5,3,6,14
1928,2,10,9,21
1929,10,1,7,18
1930,9,10,1,20
1931,4,10,3,17
1932,2,10,8,20
1933,3,7,10,20
1934,5,2,2,9
1935,6,1,1,8
1936,6,6,7,19
1937,10,5,3,18
1938,4,10,10,24
1939,4,6,8,18
1940,1,8,1,10
1941,8,5,7,20
1942,10,10,9,29
1943,2,2,10,14
1944,10,3,10,23
1945,4,9,10,23
1946,1,7,10,18
1947,9,8,5,22
1948,3,5,2,10
1949,9,2,1,12
1950,4,10,7,21
1951,10,6,3,19
1952,10,6,5,21
1953,10,3,9,22
1954,10,3,5,18
1955,2,2,7,11
1956,4,10,6,20
1957,1,1,1,3
1958,4,3,7,14
1959,5,8,7,20
1960,10,2,9,21
1961,3,6,10,19
1962,9,1,2,12
1963,6,10,4,20
1964,5,4,10,19
1965,8,10,8,26
1966,9,7,10,26
1967,10,8,10,28
1968,10,6,2,18
1969,1,7,5,13
1970,8,9,5,22
1971,3,9,4,16
1972,7,5,2,14
1973,10,6,10,26
1974,10,8,3,21
1975,10,3,4,17
1976,2,4,10,16
1977,8,10,1,19
1978,6,1,10,17
1979,10,5,10,25
1980,9,7,7,23
1981,8,2,10,20
1982,4,3,6,13
1983,10,1,9,20
1984,7,4,10,21
1985,10,6,10,26
1986,3,9,9,21
1987,9,1,5,15
1988,6,2,8,16
1989,8,3,2,13
1990,6,3,4,13
1991,8,2,8,18
1992,1,10,10,21
1993,6,2,10,18
1994,10,9,7,26
1995,1,5,10,16
1996,5,10,7,22
1997,7,10,4,21
1998,4,1,10,15
1999,10,3,5,18
2000,10,8,8,26
2001,10,6,7,23
2002,1,6,4,11
2003,9,10,2,21
2004,10,9,10,29
2005,3,9,6,18
2006,1,10,10,21
2007,8,2,1,11
2008,3,6,4,13
2009,3,5,10,18
2010,10,4,2,16
2011,10,3,4,17
2012,9,7,8,24
2013,7,1,10,18
2014,2,5,5,12
2015,10,5,7,22
2016,6,1,5,12
2017,8,10,10,28
2018,4,6,10,20
2019,10,3,7,20
2020,10,2,10,22
2021,4,10,7,21
2022,1,9,3,13
2023,6,10,2,18
2024,10,8,4,22
2025,3,7,4,14
2026,1,9,2,12
2027,8,10,3,21
2028,2,7,8,17
2029,9,1,10,20
2030,10,5,5,20
2031,6,5,9,20
2032,5,4,7,16
2033,10,5,10,25
2034,9,5,9,23
2035,4,1,2,7
2036,10,6,4,20
2037,9,3,1,13
2038,9,10,10,29
2039,2,10,6,18
2040,7,10,10,27
2041,4,2,10,16
2042,10,8,7,25
2043,10,5,2,17
2044,6,8,3,17
2045,8,3,1,12
2046,1,10,8,19
2047,3,7,6,16
2048,3,10,4,17
2049,5,10,8,23
2050,1,9,1,11
2051,2,6,10,18
2052,9,10,8,27
2053,10,4,3,17
2054,1,7,10,18
2055,9,2,7,18
2056,10,7,8,25
2057,2,4,9,15
2058,1,2,10,13
2059,5,10,6,21
2060,10,3,4,17
2061,6,8,6,20
2062,3,5,5,13
2063,10,7,10,27
2064,1,4,7,12
2065,2,2,4,8
2066,8,10,7,25
2067,6,10,3,19
2068,4,10,5,19
2069,4,7,1,12
2070,10,10,5,25
2071,5,10,1,16
2072,10,2,9,21
2073,10,3,8,21
2074,8,9,10,27
2075,6,3,8,17
2076,9,2,10,21
2077,7,6,10,23
2078,3,10,9,22
2079,5,1,6,12
2080,7,10,8,25
2081,9,7,1,17
2082,5,8,10,23
2083,1,10,3,14
2084,6,6,5,17
2085,10,10,4,24
2086,10,10,8,28
2087,5,10,10,25
2088,7,3,9,19
2089,10,3,9,22
2090,10,10,1,21
2091,6,2,4,12
2092,4,2,7,13
2093,8,3,6,17
2094,1,9,2,12
2095,2,4,5,11
2096,10,3,2,15
2097,1,2,4,7
2098,5,5,10,20
2099,1,6,7,14
2100,9,10,7,26
2101,2,3,10,15
2102,10,10,7,27
2103,2,6,9,17
2104,8,8,5,21
2105,10,9,1,20
2106,10,8,5,23
2107,10,3,10,23
2108,10,4,9,23
2109,7,4,6,17
2110,10,8,3,21
2111,1,6,4,11
2112,9,2,8,19
2113,9,7,3,19
2114,10,3,6,19
2115,3,10,10,23
2116,4,10,8,22
2117,10,9,3,22
2118,8,9,10,27
2119,7,5,1,13
2120,2,5,10,17
2121,5,10,6,21
2122,10,10,2,22
2123,1,7,10,18
2124,6,4,5,15
2125,4,10,2,16
2126,7,1,4,12
2127,1,8,6,15
2128,2,10,4,16
2129,10,5,9,24
2130,10,3,4,17
2131,5,6,9,20
2132,4,10,6,20
2133,8,10,10,28
2134,4,2,7,13
2135,9,5,10,24
2136,3,10,6,19
2137,10,10,6,26
2138,1,10,8,19
2139,8,7,2,17
2140,7,3,2,12
2141,1,8,9,18
2142,10,7,1,18
2143,1,3,5,9
2144,10,3,2,15
2145,6,5,6,17
2146,10,5,10,25
2147,8,1,2,11
2148,9,2,9,20
2149,5,7,10,22
2150,3,9,2,14
2151,10,8,5,23
2152,4,10,7,21
2153,7,8,6,21
2154,7,1,10,18
2155,10,10,4,24
2156,3,10,6,19
2157,4,4,9,17
2158,3,8,10,21
2159,1,1,10,12
2160,9,10,8,27
2161,3,10,4,17
2162,7,7,10,24
2163,8,8,10,26
2164,3,7,4,14
2165,10,10,2,22
2166,5,6,9,20
2167,4,6,6,16
2168,9,8,3,20
2169,10,10,1,21
2170,4,2,10,16
2171,5,1,9,15
2172,5,10,3,18
2173,10,2,1,13
2174,2,5,7,14
2175,10,1,6,17
2176,3,2,8,13
2177,3,2,3,8
2178,10,9,5,24
2179,10,7,10,27
2180,10,4,7,21
2181,1,9,5,15
2182,1,10,4,15
2183,10,5,6,21
2184,4,1,9,14
2185,6,6,8,20
2186,4,10,10,24
2187,10,5,6,21
2188,1,2,10,13
2189,8,10,7,25
2190,8,2,9,19
2191,7,10,3,20
2192,5,9,8,22
2193,7,4,7,18
2194,3,10,9,22
2195,2,8,1,11
2196,10,3,8,21
2197,1,9,5,15
2198,3,6,10,19
2199,9,1,10,20
2200,2,5,7,14
2201,10,8,3,21
2202,10,6,10,26
2203,6,4,10,20
2204,10,4,7,21
2205,5,2,1,8
2206,10,2,10,22
2207,6,4,10,20
2208,4,8,5,17
2209,10,2,5,17
2210,3,4,7,14
2211,1,8,2,11
2212,10,7,10,27
2213,9,10,10,29
2214,2,10,1,13
2215,6,10,2,18
2216,7,1,3,11
2217,10,1,8,19
2218,9,6,10,25
2219,5,4,9,18
2220,3,10,5,18
2221,4,10,9,23
2222,6,8,10,24
2223,3,7,6,16
2224,2,10,5,17
2225,10,6,7,23
2226,1,10,5,16
2227,10,2,7,19
2228,4,3,10,17
2229,8,10,5,23
2230,4,8,8,20
2231,1,2,3,6
2232,9,3,1,13
2233,10,5,10,25
2234,7,7,10,24
2235,9,6,2,17
2236,9,1,6,16
2237,8,9,4,21
2238,3,10,6,19
2239,10,10,4,24
2240,5,10,6,21
2241,3,9,10,22
2242,6,7,10,23
2243,10,1,7,18
2244,1,2,7,10
2245,6,8,8,22
2246,4,4,4,12
2247,1,3,9,13
2248,8,8,2,18
2249,9,5,2,16
2250,10,10,1,21
2251,10,9,10,29
2252,2,7,5,14
2253,6,10,10,26
2254,3,5,10,18
2255,10,3,4,17
2256,8,7,5,20
2257,6,7,3,16
2258,9,6,5,20
2259,4,10,5,19
2260,1,10,4,15
2261,2,10,10,22
2262,10,10,5,25
2263,3,10,10,23
2264,2,7,8,17
2265,3,2,7,12
2266,2,9,10,21
2267,9,10,9,28
2268,1,8,8,17
2269,1,10,6,17
2270,6,3,1,10
2271,4,10,4,18
2272,2,10,1,13
2273,8,10,3,21
2274,1,7,10,18
2275,1,1,10,12
2276,10,10,2,22
2277,8,3,10,21
2278,10,10,7,27
2279,4,3,10,17
2280,9,5,4,18
2281,9,5,10,24
2282,2,6,4,12
2283,8,7,8,23
2284,5,6,9,20
2285,6,4,5,15
2286,6,2,3,11
2287,7,10,9,26
2288,2,10,8,20
2289,2,9,1,12
2290,10,10,6,26
2291,1,10,10,21
2292,2,8,9,19
2293,5,9,10,24
2294,10,4,2,16
2295,3,5,10,18
2296,10,3,6,19
2297,5,4,10,19
2298,1,3,7,11
2299,1,9,7,17
2300,8,10,7,25
2301,7,5,4,16
2302,6,10,6,22
2303,3,8,4,15
2304,2,7,1,10
2305,2,10,10,22
2306,6,2,10,18
2307,10,10,10,30
2308,4,7,8,19
2309,10,6,10,26
2310,8,4,1,13
2311,5,9,7,21
2312,9,4,1,14
2313,5,2,3,10
2314,6,10,1,17
2315,3,7,10,20
2316,5,8,9,22
2317,8,3,10,21
2318,4,9,5,18
2319,3,10,6,19
2320,6,1,10,17
2321,4,5,8,17
2322,1,1,8,10
2323,6,6,10,22
2324,4,6,9,19
2325,9,4,8,21
2326,9,10,2,21
2327,2,9,3,14
2328,3,7,1,11
2329,7,5,7,19
2330,10,10,10,30
2331,7,10,3,20
2332,10,5,10,25
2333,10,10,5,25
2334,3,4,2,9
2335,2,8,10,20
2336,9,3,5,17
2337,9,3,5,17
2338,2,6,4,12
2339,8,10,10,28
2340,7,7,2,16
2341,10,1,7,18
2342,6,2,8,16
2343,9,10,3,22
2344,9,6,10,25
2345,10,10,4,24
2346,1,6,10,17
2347,2,4,5,11
2348,10,7,8,25
2349,10,1,5,16
2350,3,8,10,21
2351,1,4,10,15
2352,10,10,1,21
2353,4,9,8,21
2354,7,2,10,19
2355,1,3,9,13
2356,10,10,6,26
2357,5,5,4,14
2358,10,10,7,27
2359,1,2,5,8
2360,3,10,1,14
2361,10,4,4,18
2362,7,6,6,19
2363,5,10,2,17
2364,3,8,3,14
2365,10,8,7,25
2366,2,10,6,18
2367,8,9,9,26
2368,6,10,9,25
2369,5,10,10,25
2370,9,10,1,20
2371,2,1,10,13
2372,9,7,3,19
2373,10,2,5,17
2374,4,5,8,17
2375,6,10,10,26
2376,6,2,7,15
2377,8,7,10,25
2378,3,1,10,14
2379,5,4,7,16
2380,3,6,9,18
2381,1,2,8,11
2382,8,4,3,15
2383,10,10,4,24
2384,1,3,2,6
2385,8,7,7,22
2386,10,4,6,20
2387,10,10,5,25
2388,8,7,10,25
2389,4,1,6,11
2390,1,1,10,12
2391,10,10,10,30
2392,9,5,4,18
2393,10,3,6,19
2394,2,7,5,14
2395,10,6,5,21
2396,8,10,3,21
2397,9,10,2,21
2398,4,8,3,15
2399,2,9,9,20
2400,1,8,6,15
2401,6,2,6,14
2402,2,7,8,17
2403,5,6,4,15
2404,9,10,10,29
2405,3,2,4,9
2406,3,10,10,23
2407,5,8,10,23
2408,10,2,1,13
2409,3,4,7,14
2410,5,1,10,16
2411,9,9,4,22
2412,10,10,1,21
2413,10,9,10,29
2414,7,7,10,24
2415,3,8,5,16
2416,2,8,8,18
2417,4,10,7,21
2418,9,7,4,20
2419,1,5,9,15
2420,3,10,2,15
2421,7,10,8,25
2422,1,10,6,17
2423,5,10,5,20
2424,7,3,8,18
2425,3,6,4,13
2426,10,4,9,23
2427,10,2,6,18
2428,10,1,3,14
2429,2,10,1,13
2430,9,6,10,25
2431,10,5,10,25
2432,6,10,7,23
2433,3,10,6,19
2434,10,1,5,16
2435,8,4,8,20
2436,4,2,9,15
2437,1,9,4,14
2438,10,4,9,23
2439,7,1,3,11
2440,7,10,9,26
2441,2,3,6,11
2442,2,3,6,11
2443,10,10,10,30
2444,8,10,5,23
2445,1,10,5,16
2446,7,2,10,19
2447,5,8,10,23
2448,9,8,4,21
2449,8,2,10,20
2450,6,6,1,13
2451,7,2,7,16
2452,10,5,10,25
2453,2,10,6,18
2454,3,5,5,13
2455,4,10,1,15
2456,7,8,4,19
2457,10,9,10,29
2458,1,2,4,7
2459,10,1,5,16
2460,9,3,9,21
2461,3,10,3,16
2462,7,10,10,27
2463,6,8,10,24
2464,8,9,4,21
2465,9,3,10,22
2466,8,8,10,26
2467,3,3,5,11
2468,5,10,10,25
2469,10,6,6,22
2470,10,10,10,30
2471,9,4,9,22
2472,7,2,1,10
2473,1,7,5,13
2474,6,2,4,12
2475,1,2,7,10
2476,10,4,10,24
2477,2,10,7,19
2478,1,3,10,14
2479,6,8,5,19
2480,6,8,2,16
2481,10,4,1,15
2482,5,10,10,25
2483,10,9,7,26
2484,6,2,3,11
2485,2,7,10,19
2486,2,10,6,18
2487,5,4,3,12
2488,10,10,10,30
2489,9,9,3,21
2490,1,1,4,6
2491,8,6,10,24
2492,7,7,3,17
2493,10,1,5,16
2494,8,9,5,22
2495,8,10,4,22
2496,7,1,2,10
2497,9,9,9,27
2498,6,2,7,15
2499,10,10,10,30
2500,6,8,3,17
2501,5,10,8,23
2502,5,10,5,20
2503,10,6,10,26
2504,8,1,10,19
2505,9,4,7,20
2506,2,3,8,13
2507,3,4,3,10
2508,6,10,1,17
2509,10,4,7,21
2510,4,1,10,15
2511,5,2,10,17
2512,2,9,5,16
2513,3,4,3,10
2514,9,2,7,18
2515,10,10,6,26
2516,8,2,9,19
2517,10,10,5,25
2518,8,5,10,23
2519,10,4,3,17
2520,7,10,1,18
2521,1,6,9,16
2522,4,10,3,17
2523,4,6,10,20
2524,8,8,1,17
2525,7,10,5,22
2526,6,10,10,26
2527,7,1,2,10
2528,6,10,10,26
2529,5,8,4,17
2530,10,10,6,26
2531,10,2,4,16
2532,5,1,7,13
2533,4,8,7,19
2534,9,2,3,14
2535,10,5,5,20
2536,3,9,10,22
2537,10,10,6,26
2538,10,9,2,21
2539,2,4,10,16
2540,7,8,1,16
2541,8,6,1,15
2542,10,7,3,20
2543,9,1,3,13
2544,10,9,7,26
2545,4,5,1,10
2546,9,2,4,15
2547,5,10,4,19
2548,6,3,10,19
2549,10,10,6,26
2550,2,1,3,6
2551,1,3,10,14
2552,10,7,3,20
2553,8,6,1,15
2554,6,10,4,20
2555,5,7,5,17
2556,9,8,10,27
2557,10,2,8,20
2558,10,10,9,29
2559,2,8,7,17
2560,10,4,5,19
2561,6,4,5,15
2562,8,6,10,24
2563,10,3,2,15
2564,6,10,10,26
2565,7,3,1,11
2566,2,10,10,22
2567,3,10,6,19
2568,1,8,4,13
2569,9,9,7,25
2570,1,5,9,15
2571,1,3,7,11
2572,10,10,10,30
2573,5,7,9,21
2574,8,8,10,26
2575,2,4,2,8
2576,8,10,6,24
2577,5,9,8,22
2578,5,10,8,23
2579,2,7,8,17
2580,9,1,4,14
2581,6,4,7,17
2582,10,9,10,29
2583,7,7,10,24
2584,4,10,10,24
2585,6,5,2,13
2586,9,3,10,22
2587,2,3,1,6
2588,10,3,10,23
2589,6,2,1,9
2590,10,4,5,19
2591,1,10,3,14
2592,10,8,5,23
2593,1,7,10,18
2594,10,10,4,24
2595,9,10,3,22
2596,7,10,5,22
2597,10,8,7,25
2598,9,3,7,19
2599,1,6,4,11
2600,5,2,1,8
2601,8,5,10,23
2602,2,10,9,21
2603,2,10,4,16
2604,3,6,4,13
2605,2,10,8,20
2606,1,10,9,20
2607,3,6,6,15
2608,4,7,9,20
2609,2,10,3,15
2610,6,4,10,20
2611,10,7,10,27
2612,10,1,9,20
2613,8,10,10,28
2614,8,5,10,23
2615,1,6,8,15
2616,10,3,4,17
2617,7,2,1,10
2618,5,3,7,15
2619,5,5,6,16
2620,9,10,9,28
2621,1,2,6,9
2622,2,10,4,16
2623,8,10,3,21
2624,5,10,8,23
2625,6,10,10,26
2626,4,10,10,24
2627,4,6,8,18
2628,2,1,6,9
2629,9,6,5,20
2630,10,8,5,23
2631,2,10,3,15
2632,3,3,1,7
2633,3,4,10,17
2634,1,9,9,19
2635,10,4,2,16
2636,5,7,10,22
2637,9,7,1,17
2638,2,8,10,20
2639,7,10,7,24
2640,2,3,5,10
2641,6,4,5,15
2642,9,10,9,28
2643,3,10,8,21
2644,3,7,10,20
2645,1,10,1,12
2646,8,6,2,16
2647,8,4,6,18
2648,1,10,7,18
2649,6,10,4,20
2650,10,5,4,19
2651,10,10,10,30
2652,10,7,10,27
2653,5,9,2,16
2654,3,8,9,20
2655,2,1,7,10
2656,7,4,5,16
2657,1,8,3,12
2658,9,7,3,19
2659,5,9,7,21
2660,10,8,4,22
2661,2,2,10,14
2662,10,4,1,15
2663,10,6,10,26
2664,10,8,6,24
2665,7,1,9,17
2666,9,10,10,29
2667,6,5,10,21
2668,4,3,10,17
2669,2,8,1,11
2670,2,10,6,18
2671,3,10,5,18
2672,4,10,10,24
2673,5,7,9,21
2674,5,10,6,21
2675,2,7,9,18
2676,7,3,8,18
2677,6,5,1,12
2678,1,10,8,19
2679,6,3,3,12
2680,10,4,4,18
2681,1,6,8,15
2682,10,2,2,14
2683,10,10,9,29
2684,2,3,7,12
2685,1,8,4,13
2686,9,10,10,29
2687,10,10,5,25
2688,9,10,2,21
2689,4,10,9,23
2690,4,8,3,15
2691,3,10,10,23
2692,7,10,5,22
2693,6,10,10,26
2694,6,8,5,19
2695,7,10,1,18
2696,8,2,10,20
2697,4,8,6,18
2698,5,2,9,16
2699,7,1,5,13
2700,3,10,2,15
2701,7,9,6,22
2702,1,3,4,8
2703,10,1,10,21
2704,9,6,1,16
2705,6,9,1,16
2706,10,10,10,30
2707,10,1,3,14
2708,4,2,10,16
2709,10,9,6,25
2710,6,3,5,14
2711,8,8,10,26
2712,8,7,7,22
2713,3,4,10,17
2714,7,2,8,17
2715,10,3,2,15
2716,4,5,5,14
2717,10,4,2,16
2718,10,9,1,20
2719,10,5,7,22
2720,4,7,8,19
2721,3,2,9,14
2722,10,10,4,24
2723,9,5,2,16
2724,6,4,2,12
2725,8,6,1,15
2726,4,1,9,14
2727,5,10,10,25
2728,5,10,10,25
2729,10,9,10,29
2730,3,10,6,19
2731,10,10,3,23
2732,1,10,7,18
2733,8,8,7,23
2734,3,5,1,9
2735,2,7,6,15
2736,4,4,10,18
2737,1,10,2,13
2738,1,6,6,13
2739,7,7,2,16
2740,10,7,2,19
2741,5,3,8,16
2742,1,9,10,20
2743,8,3,9,20
2744,5,3,3,11
2745,9,10,1,20
2746,8,6,5,19
2747,10,2,10,22
2748,10,4,7,21
2749,9,8,10,27
2750,10,10,4,24
2751,10,6,5,21
2752,5,7,2,14
2753,3,10,2,15
2754,4,1,3,8
2755,7,10,10,27
2756,8,10,9,27
2757,7,9,10,26
2758,5,10,8,23
2759,3,10,9,22
2760,8,7,10,25
2761,1,4,4,9
2762,6,6,2,14
2763,6,4,6,16
2764,10,5,10,25
2765,1,1,8,10
2766,10,2,9,21
2767,5,10,3,18
2768,9,5,10,24
2769,3,1,10,14
2770,10,6,6,22
2771,8,2,3,13
2772,4,5,10,19
2773,9,10,10,29
2774,7,4,10,21
2775,2,4,5,11
2776,7,8,9,24
2777,8,7,2,17
2778,3,10,9,22
2779,8,1,2,11
2780,5,6,7,18
2781,6,10,10,26
2782,3,4,10,17
2783,1,10,1,12
2784,5,9,8,22
2785,10,3,3,16
2786,2,3,9,14
2787,1,10,7,18
2788,1,9,2,12
2789,10,10,5,25
2790,10,5,5,20
2791,4,10,10,24
2792,6,1,6,13
2793,2,4,10,16
2794,10,4,10,24
2795,6,1,10,17
2796,6,8,7,21
2797,2,3,7,12
2798,10,4,7,21
2799,8,9,8,25
2800,10,6,4,20
2801,3,8,9,20
2802,6,7,5,18
2803,10,5,7,22
2804,5,4,7,16
2805,2,6,1,9
2806,3,10,8,21
2807,10,4,3,17
2808,10,1,1,12
2809,3,10,10,23
2810,6,9,9,24
2811,8,10,9,27
2812,8,2,2,12
2813,10,10,10,30
2814,1,2,4,7
2815,7,10,5,22
2816,10,2,10,22
2817,8,6,7,21
2818,10,5,9,24
2819,10,10,5,25
2820,7,3,4,14
2821,1,10,10,21
2822,4,10,9,23
2823,7,7,5,19
2824,1,1,8,10
2825,4,9,2,15
2826,10,3,6,19
2827,3,4,10,17
2828,1,8,6,15
2829,10,2,6,18
2830,2,10,9,21
2831,5,3,8,16
2832,6,3,7,16
2833,10,4,5,19
2834,9,10,10,29
2835,7,3,10,20
2836,3,9,4,16
2837,10,10,2,22
2838,4,1,9,14
2839,7,7,2,16
2840,10,5,6,21
2841,8,10,6,24
2842,8,9,1,18
2843,3,10,4,17
2844,5,2,2,9
2845,5,6,1,12
2846,8,1,8,17
2847,10,10,10,30
2848,9,7,1,17
2849,7,10,8,25
2850,9,10,2,21
2851,10,3,4,17
2852,1,2,4,7
2853,10,10,9,29
2854,5,6,10,21
2855,2,8,3,13
2856,10,7,6,23
2857,8,3,5,16
2858,9,10,10,29
2859,6,4,1,11
2860,7,1,10,18
2861,10,3,4,17
2862,10,5,8,23
2863,2,5,6,13
2864,1,1,2,4
2865,4,10,3,17
2866,10,9,10,29
2867,6,9,7,22
2868,6,5,7,18
2869,4,3,10,17
2870,8,2,10,20
2871,5,6,2,13
2872,1,2,4,7
2873,10,4,10,24
2874,8,10,1,19
2875,3,7,9,19
2876,5,6,8,19
2877,10,10,10,30
2878,3,8,10,21
2879,7,5,9,21
2880,10,10,7,27
2881,6,4,7,17
2882,5,3,3,11
2883,9,2,10,21
2884,10,10,3,23
2885,9,6,5,20
2886,1,10,8,19
2887,2,2,2,6
2888,3,8,4,15
2889,7,9,4,20
2890,6,10,4,20
2891,5,9,10,24
2892,10,6,5,21
2893,1,1,10,12
2894,8,7,1,16
2895,8,10,10,28
2896,10,4,6,20
2897,3,6,8,17
2898,4,3,10,17
2899,4,10,8,22
2900,10,10,7,27
2901,1,3,4,8
2902,6,2,8,16
2903,1,10,6,17
2904,7,5,5,17
2905,3,10,8,21
2906,9,9,5,23
2907,1,10,5,16
2908,10,7,10,27
2909,10,7,2,19
2910,2,9,9,20
2911,1,10,2,13
2912,9,7,10,26
2913,5,2,10,17
2914,8,10,8,26
2915,3,8,10,21
2916,4,7,8,19
2917,1,2,2,5
2918,6,10,4,20
2919,10,10,2,22
2920,4,3,9,16
2921,4,1,5,10
2922,10,1,5,16
2923,10,9,6,25
2924,10,6,5,21
2925,7,10,1,18
2926,10,9,3,22
2927,6,3,7,16
2928,10,1,10,21
2929,4,1,10,15
2930,2,10,3,15
2931,7,8,8,23
2932,7,9,4,20
2933,9,2,10,21
2934,7,10,4,21
2935,3,1,3,7
2936,5,5,1,11
2937,10,9,6,25
2938,5,10,10,25
2939,6,5,10,21
2940,8,2,8,18
2941,2,9,4,15
2942,10,7,3,20
2943,6,10,6,22
2944,7,8,2,17
2945,2,5,6,13
2946,3,9,5,17
2947,4,4,10,18
2948,4,3,6,13
2949,10,3,1,14
2950,6,4,7,17
2951,2,7,3,12
2952,1,8,9,18
2953,10,9,10,29
2954,7,10,9,26
2955,10,5,10,25
2956,6,8,10,24
2957,10,8,1,19
2958,1,10,5,16
2959,10,10,2,22
2960,9,10,8,27
2961,6,6,8,20
2962,2,10,5,17
2963,1,5,10,16
2964,7,4,4,15
2965,8,3,5,16
2966,3,7,1,11
2967,5,7,10,22
2968,6,9,2,17
2969,10,10,8,28
2970,1,2,10,13
2971,6,10,4,20
2972,3,3,9,15
2973,7,2,10,19
2974,4,1,10,15
2975,9,10,10,29
2976,8,10,10,28
2977,1,10,8,19
2978,9,10,5,24
2979,6,7,3,16
2980,2,10,10,22
2981,1,5,9,15
2982,10,2,2,14
2983,7,7,10,24
2984,9,2,7,18
2985,10,4,3,17
2986,10,8,10,28
2987,4,3,8,15
2988,5,6,1,12
2989,10,6,9,25
2990,4,1,5,10
2991,6,3,4,13
2992,7,7,4,18
2993,2,2,6,10
2994,1,10,4,15
2995,10,5,1,16
2996,10,2,7,19
2997,9,4,1,14
2998,10,6,5,21
2999,10,6,9,25
