,Card 1,Card 2,Card 3,sums
0,10,3,2,15
1,10,8,3,21
2,7,9,5,21
3,6,1,3,10
4,2,8,7,17
5,1,10,4,15
6,2,8,1,11
7,10,5,7,22
8,7,4,5,16
9,6,9,8,23
10,4,2,9,15
11,5,10,10,25
12,10,10,10,30
13,4,6,3,13
14,10,9,1,20
15,6,10,10,26
16,10,5,4,19
17,10,10,3,23
18,9,10,5,24
19,1,8,8,17
20,10,10,5,25
21,10,7,9,26
22,2,3,7,12
23,1,1,10,12
24,7,1,3,11
25,8,8,4,20
26,2,10,2,14
27,10,6,5,21
28,10,7,4,21
29,4,9,6,19
30,6,3,2,11
31,6,10,9,25
32,5,4,10,19
33,10,9,4,23
34,10,7,10,27
35,3,3,7,13
36,8,10,8,26
37,4,9,10,23
38,2,6,2,10
39,2,10,1,13
40,7,1,8,16
41,10,10,10,30
42,5,9,6,20
43,1,6,5,12
44,3,3,2,8
45,10,4,10,24
46,6,8,5,19
47,7,9,1,17
48,5,8,4,17
49,3,1,8,12
50,3,7,10,20
51,5,8,9,22
52,10,2,6,18
53,10,7,9,26
54,7,3,2,12
55,4,5,10,19
56,10,7,6,23
57,10,5,1,16
58,10,3,9,22
59,10,9,4,23
60,4,10,2,16
61,1,10,6,17
62,6,10,1,17
63,8,10,2,20
64,5,9,5,19
65,3,10,7,20
66,8,4,1,13
67,4,10,6,20
68,10,10,9,29
69,1,9,2,12
70,10,2,5,17
71,10,10,4,24
72,3,10,7,20
73,8,2,1,11
74,8,6,10,24
75,4,9,10,23
76,5,10,6,21
77,10,7,2,19
78,8,3,1,12
79,3,6,7,16
80,8,9,1,18
81,10,10,6,26
82,1,3,10,14
83,3,8,10,21
84,6,4,8,18
85,2,4,10,16
86,5,10,3,18
87,10,10,5,25
88,1,2,4,7
89,9,7,10,26
90,2,7,8,17
91,6,7,2,15
92,9,1,9,19
93,10,4,5,19
94,6,10,10,26
95,5,7,3,15
96,6,4,7,17
97,8,1,5,14
98,10,10,2,22
99,3,4,8,15
100,10,2,8,20
101,7,1,6,14
102,3,8,5,16
103,3,9,5,17
104,10,9,4,23
105,2,2,7,11
106,10,3,9,22
107,4,10,10,24
108,7,10,9,26
109,6,10,6,22
110,10,1,10,21
111,10,1,5,16
112,8,9,8,25
113,3,10,6,19
114,10,4,1,15
115,10,2,2,14
116,4,10,3,17
117,9,10,5,24
118,6,9,10,25
119,3,9,10,22
120,7,7,10,24
121,10,1,7,18
122,5,5,6,16
123,6,1,1,8
124,2,3,7,12
125,2,8,4,14
126,5,10,10,25
127,4,10,8,22
128,7,2,4,13
129,10,7,9,26
130,4,10,10,24
131,3,5,3,11
132,10,2,1,13
133,1,10,10,21
134,5,8,9,22
135,8,1,3,12
136,9,10,6,25
137,5,10,5,20
138,2,10,2,14
139,8,10,1,19
140,7,6,8,21
141,10,6,3,19
142,10,4,6,20
143,7,9,4,20
144,2,7,8,17
145,5,10,1,16
146,10,9,10,29
147,10,3,7,20
148,9,5,6,20
149,10,3,10,23
150,5,9,4,18
151,9,8,6,23
152,7,4,2,13
153,2,3,8,13
154,1,4,4,9
155,3,10,10,23
156,10,6,2,18
157,6,7,10,23
158,8,5,1,14
159,1,10,10,21
160,3,4,10,17
161,3,10,7,20
162,2,10,1,13
163,4,10,2,16
164,9,4,10,23
165,10,6,8,24
166,5,1,10,16
167,6,5,10,21
168,10,9,8,27
169,8,5,4,17
170,8,3,9,20
171,2,10,6,18
172,7,7,7,21
173,1,10,10,21
174,5,1,2,8
175,6,9,3,18
176,5,10,6,21
177,5,2,4,11
178,1,2,7,10
179,2,6,3,11
180,7,8,9,24
181,2,6,10,18
182,1,8,5,14
183,3,10,6,19
184,3,10,7,20
185,4,10,10,24
186,9,5,4,18
187,10,10,8,28
188,10,9,7,26
189,10,10,9,29
190,3,10,1,14
191,8,4,1,13
192,5,1,6,12
193,2,3,10,15
194,8,8,4,20
195,1,3,6,10
196,10,10,7,27
197,3,10,10,23
198,9,7,10,26
199,4,10,10,24
200,4,8,9,21
201,5,6,2,13
202,9,10,6,25
203,10,10,7,27
204,2,1,1,4
205,8,9,5,22
206,4,3,7,14
207,10,2,5,17
208,9,2,10,21
209,10,4,6,20
210,10,8,3,21
211,8,3,7,18
212,10,10,2,22
213,5,1,3,9
214,10,9,10,29
215,2,1,10,13
216,10,10,1,21
217,6,1,5,12
218,9,4,10,23
219,2,3,7,12
220,7,8,9,24
221,10,4,8,22
222,7,5,6,18
223,6,4,5,15
224,10,7,3,20
225,2,10,4,16
226,10,6,8,24
227,3,8,7,18
228,5,10,3,18
229,5,9,10,24
230,4,9,5,18
231,2,2,7,11
232,10,3,1,14
233,4,10,6,20
234,9,9,1,19
235,7,10,6,23
236,5,4,2,11
237,8,1,10,19
238,1,10,6,17
239,10,8,10,28
240,7,3,7,17
241,10,3,10,23
242,4,1,8,13
243,5,6,8,19
244,10,5,4,19
245,10,10,3,23
246,5,4,6,15
247,2,9,3,14
248,2,6,10,18
249,7,2,10,19
250,10,4,8,22
251,1,5,1,7
252,7,6,1,14
253,10,10,9,29
254,9,2,8,19
255,10,10,9,29
256,7,6,6,19
257,1,10,4,15
258,4,6,3,13
259,10,10,10,30
260,7,2,3,12
261,1,10,10,21
262,7,9,10,26
263,4,5,10,19
264,10,10,9,29
265,5,5,1,11
266,2,5,9,16
267,9,3,3,15
268,6,10,8,24
269,8,7,4,19
270,2,1,8,11
271,8,10,2,20
272,3,1,7,11
273,10,7,9,26
274,3,6,3,12
275,5,10,4,19
276,10,1,9,20
277,9,5,4,18
278,1,9,6,16
279,2,8,1,11
280,10,10,7,27
281,10,6,4,20
282,10,10,8,28
283,7,5,4,16
284,10,8,10,28
285,2,2,3,7
286,8,5,6,19
287,10,10,2,22
288,10,5,6,21
289,7,5,7,19
290,1,9,6,16
291,5,1,4,10
292,8,10,6,24
293,4,10,8,22
294,10,10,6,26
295,2,7,9,18
296,5,4,3,12
297,10,8,2,20
298,1,10,2,13
299,8,4,7,19
300,3,10,1,14
301,3,10,9,22
302,10,2,10,22
303,10,3,9,22
304,2,3,6,11
305,1,10,9,20
306,5,9,1,15
307,8,3,8,19
308,5,4,10,19
309,3,5,10,18
310,10,9,9,28
311,10,7,10,27
312,10,1,6,17
313,2,2,10,14
314,10,6,4,20
315,7,7,6,20
316,3,1,10,14
317,10,5,10,25
318,8,4,7,19
319,2,4,8,14
320,10,10,3,23
321,1,10,2,13
322,6,1,3,10
323,4,1,5,10
324,2,10,4,16
325,10,7,7,24
326,6,9,8,23
327,6,3,9,18
328,10,3,5,18
329,10,8,6,24
330,7,10,9,26
331,10,10,8,28
332,1,8,9,18
333,7,4,5,16
334,4,10,5,19
335,2,2,10,14
336,7,10,8,25
337,3,4,6,13
338,10,8,9,27
339,4,7,8,19
340,2,3,1,6
341,10,7,9,26
342,10,10,2,22
343,10,10,1,21
344,6,10,5,21
345,2,5,1,8
346,10,10,6,26
347,3,5,4,12
348,10,7,8,25
349,3,6,4,13
350,9,9,1,19
351,2,10,5,17
352,7,3,6,16
353,10,2,1,13
354,3,2,10,15
355,5,10,9,24
356,8,4,2,14
357,1,3,10,14
358,10,1,4,15
359,10,8,6,24
360,9,7,7,23
361,4,5,5,14
362,10,1,10,21
363,6,5,8,19
364,3,10,8,21
365,2,4,9,15
366,7,9,10,26
367,10,6,10,26
368,2,3,7,12
369,2,10,8,20
370,5,6,10,21
371,9,8,8,25
372,6,6,10,22
373,5,1,7,13
374,9,10,3,22
375,10,5,10,25
376,10,1,8,19
377,10,6,10,26
378,9,9,4,22
379,7,4,7,18
380,10,3,4,17
381,10,2,5,17
382,3,2,10,15
383,4,1,1,6
384,6,10,8,24
385,5,7,10,22
386,8,5,10,23
387,4,7,10,21
388,10,3,10,23
389,7,2,1,10
390,10,7,8,25
391,6,1,9,16
392,10,9,4,23
393,2,9,1,12
394,5,4,3,12
395,10,10,10,30
396,2,6,6,14
397,10,4,8,22
398,9,1,3,13
399,2,3,5,10
400,1,5,9,15
401,10,2,4,16
402,9,9,9,27
403,3,8,6,17
404,7,2,4,13
405,2,10,4,16
406,10,7,10,27
407,6,7,10,23
408,4,5,1,10
409,10,10,3,23
410,7,10,5,22
411,10,8,3,21
412,6,10,6,22
413,10,2,1,13
414,8,1,5,14
415,10,3,8,21
416,8,9,8,25
417,10,4,3,17
418,9,2,10,21
419,9,3,7,19
420,4,10,5,19
421,7,10,6,23
422,8,4,5,17
423,10,1,7,18
424,5,5,10,20
425,1,10,10,21
426,9,10,2,21
427,8,2,10,20
428,7,6,3,16
429,10,6,6,22
430,10,1,3,14
431,1,2,4,7
432,4,2,10,16
433,10,4,5,19
434,2,10,6,18
435,8,1,5,14
436,10,9,7,26
437,9,3,9,21
438,10,6,3,19
439,10,4,7,21
440,6,4,7,17
441,1,1,10,12
442,5,10,6,21
443,1,3,8,12
444,10,10,10,30
445,8,2,9,19
446,5,3,10,18
447,8,2,7,17
448,6,8,10,24
449,10,7,9,26
450,2,6,9,17
451,10,4,7,21
452,3,7,9,19
453,10,7,10,27
454,4,8,4,16
455,6,3,8,17
456,5,5,1,11
457,2,3,6,11
458,1,10,2,13
459,5,10,3,18
460,10,4,10,24
461,10,5,10,25
462,9,8,1,18
463,2,1,10,13
464,8,2,10,20
465,4,2,10,16
466,4,5,10,19
467,1,7,3,11
468,9,10,3,22
469,7,10,2,19
470,10,6,2,18
471,10,6,1,17
472,9,7,10,26
473,3,4,1,8
474,5,9,10,24
475,6,9,1,16
476,10,3,6,19
477,5,5,4,14
478,10,8,10,28
479,7,8,8,23
480,4,2,8,14
481,8,7,1,16
482,3,6,10,19
483,10,10,10,30
484,4,10,3,17
485,2,5,5,12
486,5,1,2,8
487,5,9,3,17
488,9,4,7,20
489,10,9,1,20
490,10,6,10,26
491,3,6,4,13
492,8,10,2,20
493,1,9,10,20
494,10,7,7,24
495,8,6,10,24
496,3,1,6,10
497,1,6,10,17
498,1,2,7,10
499,2,5,2,9
500,4,10,10,24
501,9,5,10,24
502,6,4,9,19
503,8,5,9,22
504,8,8,5,21
505,2,10,8,20
506,3,7,10,20
507,4,6,10,20
508,10,9,10,29
509,7,3,4,14
510,1,10,7,18
511,10,3,10,23
512,6,10,8,24
513,10,8,10,28
514,5,8,8,21
515,1,10,1,12
516,4,4,5,13
517,7,1,10,18
518,6,3,10,19
519,9,10,4,23
520,9,7,1,17
521,10,9,5,24
522,3,2,10,15
523,7,2,6,15
524,10,6,2,18
525,10,7,3,20
526,9,10,2,21
527,3,4,5,12
528,8,1,10,19
529,10,3,6,19
530,10,10,3,23
531,2,3,7,12
532,10,1,4,15
533,5,5,6,16
534,4,7,9,20
535,10,7,3,20
536,9,1,4,14
537,4,7,1,12
538,8,10,6,24
539,8,10,10,28
540,10,2,10,22
541,10,9,8,27
542,9,5,6,20
543,2,2,5,9
544,7,10,10,27
545,6,9,7,22
546,10,3,4,17
547,5,10,7,22
548,2,8,4,14
549,10,3,10,23
550,9,10,10,29
551,6,5,1,12
552,3,2,10,15
553,5,1,6,12
554,2,5,6,13
555,10,8,1,19
556,9,4,8,21
557,10,2,8,20
558,1,3,7,11
559,9,10,4,23
560,10,3,1,14
561,6,10,4,20
562,9,1,9,19
563,3,6,4,13
564,2,2,10,14
565,7,10,1,18
566,10,8,5,23
567,5,3,6,14
568,7,5,9,21
569,10,10,8,28
570,5,2,10,17
571,7,3,2,12
572,10,8,1,19
573,7,10,4,21
574,10,10,9,29
575,8,4,6,18
576,10,8,3,21
577,7,5,10,22
578,6,1,2,9
579,5,9,10,24
580,10,1,9,20
581,10,3,10,23
582,6,4,2,12
583,3,8,1,12
584,4,5,10,19
585,6,10,10,26
586,4,2,2,8
587,9,8,7,24
588,8,7,4,19
589,3,1,10,14
590,6,10,10,26
591,9,7,5,21
592,10,10,8,28
593,10,6,9,25
594,4,5,1,10
595,10,1,2,13
596,4,6,10,20
597,2,8,5,15
598,8,10,6,24
599,9,7,1,17
600,10,10,10,30
601,10,3,2,15
602,9,10,7,26
603,3,4,9,16
604,3,8,4,15
605,7,5,3,15
606,2,10,5,17
607,1,7,6,14
608,10,3,7,20
609,10,3,1,14
610,10,1,8,19
611,9,3,5,17
612,7,4,10,21
613,1,9,9,19
614,10,5,1,16
615,2,2,10,14
616,4,7,6,17
617,8,5,10,23
618,8,6,2,16
619,7,6,10,23
620,6,9,5,20
621,8,3,10,21
622,4,10,4,18
623,2,10,10,22
624,3,7,1,11
625,9,10,3,22
626,4,2,5,11
627,6,9,4,19
628,3,7,1,11
629,2,10,6,18
630,10,2,10,22
631,5,10,10,25
632,9,8,6,23
633,10,2,8,20
634,6,8,5,19
635,4,9,10,23
636,7,1,1,9
637,5,10,4,19
638,10,10,8,28
639,3,7,10,20
640,5,5,2,12
641,6,1,4,11
642,2,3,9,14
643,3,10,1,14
644,10,1,3,14
645,8,10,4,22
646,7,4,7,18
647,10,10,4,24
648,8,2,7,17
649,2,9,6,17
650,8,9,10,27
651,6,8,5,19
652,10,10,7,27
653,1,10,10,21
654,10,3,10,23
655,9,6,5,20
656,1,5,6,12
657,5,7,3,15
658,2,4,10,16
659,10,9,10,29
660,1,10,3,14
661,3,2,8,13
662,10,2,2,14
663,10,10,8,28
664,7,10,9,26
665,10,1,10,21
666,9,9,5,23
667,6,6,4,16
668,10,1,7,18
669,8,6,8,22
670,4,10,4,18
671,3,5,7,15
672,4,6,10,20
673,4,5,10,19
674,8,1,2,11
675,1,6,10,17
676,7,10,1,18
677,2,3,7,12
678,7,5,2,14
679,3,5,10,18
680,10,6,9,25
681,9,4,4,17
682,5,10,8,23
683,7,10,10,27
684,10,9,10,29
685,3,3,9,15
686,10,8,6,24
687,8,2,1,11
688,6,10,5,21
689,10,10,5,25
690,2,3,3,8
691,10,1,10,21
692,5,6,3,14
693,8,7,2,17
694,8,10,2,20
695,7,6,10,23
696,9,10,4,23
697,4,1,9,14
698,3,4,9,16
699,10,4,5,19
700,6,9,7,22
701,1,10,8,19
702,2,10,7,19
703,8,1,10,19
704,10,10,8,28
705,8,6,1,15
706,10,4,2,16
707,5,2,3,10
708,10,10,5,25
709,9,10,8,27
710,10,5,7,22
711,8,3,4,15
712,10,6,9,25
713,1,4,2,7
714,10,3,4,17
715,1,10,6,17
716,3,10,6,19
717,7,1,7,15
718,9,10,5,24
719,7,2,9,18
720,10,10,7,27
721,8,10,1,19
722,1,3,10,14
723,2,2,9,13
724,8,7,6,21
725,10,2,5,17
726,9,1,9,19
727,6,5,4,15
728,7,7,8,22
729,2,10,10,22
730,4,3,5,12
731,6,4,3,13
732,10,8,10,28
733,6,4,3,13
734,10,1,9,20
735,10,5,10,25
736,3,5,5,13
737,3,5,8,16
738,2,10,4,16
739,1,10,8,19
740,10,6,7,23
741,1,4,10,15
742,9,4,10,23
743,9,6,6,21
744,2,2,10,14
745,9,6,10,25
746,2,5,7,14
747,4,10,10,24
748,10,8,7,25
749,10,3,1,14
750,7,3,10,20
751,8,9,1,18
752,7,2,8,17
753,10,8,1,19
754,10,10,3,23
755,9,2,9,20
756,7,8,10,25
757,2,6,5,13
758,10,9,9,28
759,6,6,10,22
760,5,4,10,19
761,3,10,1,14
762,10,4,3,17
763,4,10,5,19
764,6,4,1,11
765,5,7,2,14
766,7,3,1,11
767,10,8,10,28
768,6,4,1,11
769,5,6,10,21
770,10,7,6,23
771,3,10,9,22
772,10,2,8,20
773,6,1,9,16
774,7,3,5,15
775,10,2,10,22
776,10,10,4,24
777,2,4,7,13
778,7,1,9,17
779,10,4,8,22
780,5,9,2,16
781,10,3,8,21
782,10,10,5,25
783,1,8,3,12
784,6,10,10,26
785,2,8,1,11
786,7,10,5,22
787,8,1,6,15
788,4,9,7,20
789,9,4,5,18
790,9,10,1,20
791,10,6,3,19
792,1,2,10,13
793,6,7,8,21
794,10,8,10,28
795,5,3,2,10
796,10,10,4,24
797,10,4,5,19
798,10,7,3,20
799,9,3,2,14
800,9,10,4,23
801,3,3,8,14
802,9,10,10,29
803,4,6,2,12
804,10,10,3,23
805,10,1,5,16
806,10,8,8,26
807,6,4,7,17
808,7,9,9,25
809,5,2,2,9
810,1,10,1,12
811,10,4,8,22
812,10,2,7,19
813,3,1,5,9
814,7,6,5,18
815,10,6,10,26
816,1,6,7,14
817,3,10,8,21
818,5,1,8,14
819,10,3,2,15
820,5,6,7,18
821,10,2,10,22
822,9,10,2,21
823,7,10,10,27
824,4,3,9,16
825,4,5,3,12
826,6,10,2,18
827,4,1,4,9
828,10,9,8,27
829,7,5,8,20
830,9,6,10,25
831,10,1,10,21
832,10,3,3,16
833,5,1,10,16
834,3,6,8,17
835,1,5,9,15
836,10,2,1,13
837,8,2,8,18
838,6,5,6,17
839,10,4,4,18
840,8,10,10,28
841,9,10,4,23
842,10,9,2,21
843,7,7,1,15
844,5,7,10,22
845,7,2,3,12
846,10,4,9,23
847,6,10,10,26
848,4,3,10,17
849,10,8,7,25
850,9,2,10,21
851,8,6,3,17
852,7,2,10,19
853,8,10,3,21
854,7,6,2,15
855,4,4,5,13
856,6,10,10,26
857,9,8,3,20
858,1,10,10,21
859,7,1,6,14
860,5,9,9,23
861,2,1,4,7
862,10,10,5,25
863,1,10,5,16
864,1,9,8,18
865,7,10,2,19
866,10,4,3,17
867,5,2,9,16
868,6,6,7,19
869,7,10,2,19
870,5,9,7,21
871,10,6,4,20
872,1,8,1,10
873,5,3,8,16
874,10,4,2,16
875,10,5,9,24
876,10,1,10,21
877,3,6,10,19
878,10,10,10,30
879,3,4,8,15
880,10,2,10,22
881,2,5,9,16
882,6,6,4,16
883,4,3,10,17
884,3,1,7,11
885,10,7,9,26
886,1,10,3,14
887,8,10,10,28
888,10,9,3,22
889,4,5,10,19
890,6,6,1,13
891,9,4,1,14
892,5,8,10,23
893,2,5,8,15
894,10,7,10,27
895,7,8,2,17
896,10,7,6,23
897,10,8,5,23
898,6,7,8,21
899,10,10,2,22
900,2,10,3,15
901,5,3,10,18
902,2,3,7,12
903,10,10,2,22
904,9,1,6,16
905,10,9,1,20
906,5,4,5,14
907,6,1,3,10
908,10,1,10,21
909,10,9,4,23
910,9,7,8,24
911,4,8,4,16
912,5,3,7,15
913,8,10,10,28
914,6,5,5,16
915,9,1,2,12
916,7,10,5,22
917,8,3,10,21
918,10,1,2,13
919,6,9,2,17
920,8,6,10,24
921,10,7,4,21
922,4,10,9,23
923,10,9,10,29
924,4,1,3,8
925,8,1,2,11
926,6,10,3,19
927,7,10,4,21
928,4,10,1,15
929,10,9,10,29
930,10,2,9,21
931,3,7,10,20
932,9,10,5,24
933,2,1,6,9
934,10,8,6,24
935,7,10,3,20
936,1,9,8,18
937,5,8,7,20
938,5,7,2,14
939,4,6,10,20
940,5,1,3,9
941,10,3,6,19
942,4,8,10,22
943,2,4,10,16
944,9,10,1,20
945,5,10,4,19
946,8,6,10,24
947,6,8,9,23
948,6,1,1,8
949,3,4,9,16
950,10,10,3,23
951,10,2,8,20
952,2,10,1,13
953,8,7,10,25
954,9,7,10,26
955,2,5,10,17
956,4,3,7,14
957,5,6,7,18
958,3,10,5,18
959,4,10,2,16
960,10,10,4,24
961,10,7,10,27
962,8,9,10,27
963,3,9,5,17
964,10,7,7,24
965,1,3,1,5
966,9,10,5,24
967,6,10,5,21
968,8,10,6,24
969,9,10,2,21
970,2,2,10,14
971,8,4,6,18
972,6,4,5,15
973,3,3,1,7
974,1,4,2,7
975,7,8,10,25
976,5,10,3,18
977,10,1,10,21
978,7,2,10,19
979,8,4,5,17
980,2,1,4,7
981,10,10,9,29
982,7,8,5,20
983,3,10,10,23
984,2,10,9,21
985,9,9,10,28
986,1,7,3,11
987,2,10,4,16
988,6,1,10,17
989,6,8,5,19
990,3,4,8,15
991,6,6,7,19
992,10,2,9,21
993,1,10,4,15
994,2,10,3,15
995,1,6,3,10
996,1,10,5,16
997,10,10,9,29
998,10,8,9,27
999,6,7,8,21
1000,10,2,5,17
1001,10,2,5,17
1002,4,4,3,11
1003,1,7,10,18
1004,6,7,5,18
1005,7,6,8,21
1006,3,10,9,22
1007,4,10,8,22
1008,10,5,7,22
1009,5,10,10,25
1010,2,6,9,17
1011,6,10,4,20
1012,6,4,4,14
1013,3,7,5,15
1014,10,10,9,29
1015,8,8,10,26
1016,10,4,3,17
1017,10,7,7,24
1018,2,3,10,15
1019,9,5,6,20
1020,10,3,8,21
1021,1,1,2,4
1022,1,8,10,19
1023,2,9,1,12
1024,3,2,10,15
1025,10,2,6,18
1026,10,6,7,23
1027,10,7,9,26
1028,4,10,5,19
1029,1,8,5,14
1030,10,10,3,23
1031,9,9,10,28
1032,4,5,1,10
1033,8,6,10,24
1034,5,3,4,12
1035,6,10,8,24
1036,10,4,2,16
1037,1,1,3,5
1038,2,7,8,17
1039,9,10,7,26
1040,2,9,7,18
1041,6,9,10,25
1042,3,3,10,16
1043,10,3,7,20
1044,4,5,1,10
1045,10,4,1,15
1046,5,6,8,19
1047,10,7,6,23
1048,2,10,10,22
1049,9,10,4,23
1050,5,7,2,14
1051,10,10,1,21
1052,10,2,6,18
1053,3,1,4,8
1054,8,9,8,25
1055,8,5,10,23
1056,5,10,1,16
1057,9,3,5,17
1058,1,4,10,15
1059,10,2,10,22
1060,10,10,10,30
1061,2,1,7,10
1062,6,6,2,14
1063,5,8,9,22
1064,10,5,4,19
1065,2,1,10,13
1066,3,3,7,13
1067,8,9,6,23
1068,6,10,8,24
1069,4,7,3,14
1070,7,8,10,25
1071,4,9,10,23
1072,6,9,10,25
1073,10,4,1,15
1074,3,6,5,14
1075,1,2,10,13
1076,10,2,7,19
1077,8,7,3,18
1078,10,5,8,23
1079,2,1,4,7
1080,1,6,7,14
1081,7,9,3,19
1082,10,10,4,24
1083,9,4,8,21
1084,10,6,5,21
1085,5,3,8,16
1086,10,10,2,22
1087,9,10,10,29
1088,8,10,7,25
1089,10,6,10,26
1090,9,4,7,20
1091,4,3,10,17
1092,1,10,2,13
1093,8,5,5,18
1094,3,1,2,6
1095,10,10,2,22
1096,10,10,7,27
1097,10,9,2,21
1098,4,6,6,16
1099,3,3,5,11
1100,5,9,4,18
1101,1,9,1,11
1102,7,8,8,23
1103,10,10,6,26
1104,3,10,8,21
1105,10,1,7,18
1106,6,10,7,23
1107,3,6,10,19
1108,10,4,1,15
1109,6,9,8,23
1110,4,10,5,19
1111,10,8,7,25
1112,9,2,10,21
1113,3,5,8,16
1114,6,10,5,21
1115,10,9,2,21
1116,7,10,9,26
1117,1,2,10,13
1118,2,5,4,11
1119,1,3,4,8
1120,10,8,2,20
1121,5,3,10,18
1122,8,9,2,19
1123,4,1,1,6
1124,1,10,9,20
1125,10,7,4,21
1126,7,6,4,17
1127,7,3,4,14
1128,10,7,10,27
1129,10,9,6,25
1130,6,3,5,14
1131,8,10,10,28
1132,9,6,10,25
1133,3,2,5,10
1134,10,5,8,23
1135,1,2,10,13
1136,6,8,10,24
1137,6,3,10,19
1138,1,2,3,6
1139,2,5,3,10
1140,8,9,10,27
1141,1,7,7,15
1142,9,10,10,29
1143,4,10,10,24
1144,10,1,4,15
1145,5,10,2,17
1146,10,8,6,24
1147,8,5,4,17
1148,2,10,7,19
1149,3,5,6,14
1150,1,10,7,18
1151,9,4,9,22
1152,10,10,1,21
1153,3,6,4,13
1154,2,10,10,22
1155,3,2,3,8
1156,5,7,4,16
1157,7,10,3,20
1158,8,4,8,20
1159,10,10,4,24
1160,10,9,9,28
1161,6,1,5,12
1162,8,5,5,18
1163,8,2,6,16
1164,7,10,7,24
1165,2,6,9,17
1166,10,10,10,30
1167,1,9,1,11
1168,10,5,6,21
1169,6,7,5,18
1170,6,10,9,25
1171,2,2,4,8
1172,8,1,9,18
1173,7,7,10,24
1174,10,10,1,21
1175,10,6,9,25
1176,5,3,10,18
1177,9,3,10,22
1178,4,2,10,16
1179,1,8,3,12
1180,8,8,2,18
1181,4,5,10,19
1182,10,10,3,23
1183,4,1,7,12
1184,6,5,5,16
1185,10,10,4,24
1186,7,2,3,12
1187,1,7,10,18
1188,9,8,5,22
1189,7,2,6,15
1190,5,10,4,19
1191,4,6,8,18
1192,10,4,10,24
1193,1,8,3,12
1194,9,2,8,19
1195,10,10,10,30
1196,7,3,9,19
1197,1,10,1,12
1198,3,10,9,22
1199,10,2,6,18
1200,1,2,10,13
1201,10,6,8,24
1202,2,5,6,13
1203,3,2,10,15
1204,9,8,10,27
1205,7,1,3,11
1206,10,10,10,30
1207,10,1,10,21
1208,7,4,6,17
1209,7,2,5,14
1210,8,9,7,24
1211,6,3,10,19
1212,4,4,5,13
1213,10,8,10,28
1214,9,3,5,17
1215,1,9,4,14
1216,6,10,10,26
1217,1,3,3,7
1218,7,10,2,19
1219,5,3,4,12
1220,8,6,10,24
1221,7,5,9,21
1222,8,7,1,16
1223,2,10,5,17
1224,6,1,9,16
1225,2,2,4,8
1226,7,8,10,25
1227,10,9,10,29
1228,4,9,8,21
1229,1,10,6,17
1230,4,10,10,24
1231,3,10,5,18
1232,5,10,10,25
1233,6,10,10,26
1234,6,3,7,16
1235,5,5,7,17
1236,2,2,10,14
1237,8,10,6,24
1238,9,3,8,20
1239,1,4,3,8
1240,10,9,8,27
1241,9,4,4,17
1242,5,7,2,14
1243,8,1,4,13
1244,10,1,2,13
1245,3,10,7,20
1246,10,6,10,26
1247,9,1,10,20
1248,4,10,10,24
1249,10,7,5,22
1250,8,6,10,24
1251,7,4,1,12
1252,2,7,9,18
1253,1,5,10,16
1254,3,3,2,8
1255,10,9,3,22
1256,8,6,1,15
1257,2,9,7,18
1258,10,10,8,28
1259,3,5,10,18
1260,6,10,4,20
1261,9,1,10,20
1262,2,8,4,14
1263,5,6,10,21
1264,6,4,9,19
1265,7,4,10,21
1266,10,8,9,27
1267,10,6,5,21
1268,5,1,2,8
1269,1,4,3,8
1270,3,1,7,11
1271,8,7,3,18
1272,10,10,10,30
1273,4,10,2,16
1274,10,9,10,29
1275,1,6,5,12
1276,2,5,10,17
1277,7,10,9,26
1278,8,6,10,24
1279,2,3,8,13
1280,3,1,7,11
1281,4,10,3,17
1282,5,10,8,23
1283,2,2,10,14
1284,6,8,7,21
1285,10,3,9,22
1286,9,7,1,17
1287,9,3,5,17
1288,10,8,1,19
1289,6,10,7,23
1290,6,10,9,25
1291,10,6,10,26
1292,10,4,10,24
1293,4,2,1,7
1294,2,5,8,15
1295,5,4,10,19
1296,10,7,4,21
1297,10,4,10,24
1298,5,4,8,17
1299,2,9,6,17
1300,8,3,7,18
1301,10,9,6,25
1302,10,10,2,22
1303,3,4,6,13
1304,8,5,10,23
1305,5,2,10,17
1306,1,10,10,21
1307,1,2,3,6
1308,3,7,8,18
1309,10,9,10,29
1310,1,5,6,12
1311,7,1,9,17
1312,2,10,1,13
1313,7,2,10,19
1314,9,10,10,29
1315,5,1,10,16
1316,4,9,4,17
1317,10,2,6,18
1318,10,3,5,18
1319,6,10,10,26
1320,8,8,9,25
1321,4,8,1,13
1322,3,10,10,23
1323,7,2,7,16
1324,10,9,7,26
1325,1,3,4,8
1326,6,5,5,16
1327,3,6,8,17
1328,8,4,2,14
1329,1,10,5,16
1330,1,7,10,18
1331,6,8,9,23
1332,4,9,2,15
1333,5,10,10,25
1334,9,10,10,29
1335,3,3,6,12
1336,3,4,4,11
1337,6,1,6,13
1338,1,10,8,19
1339,2,9,7,18
1340,7,8,2,17
1341,3,5,7,15
1342,5,10,10,25
1343,10,10,10,30
1344,3,7,4,14
1345,3,1,10,14
1346,5,9,9,23
1347,9,10,3,22
1348,2,8,10,20
1349,6,8,3,17
1350,7,10,4,21
1351,9,10,1,20
1352,5,5,2,12
1353,4,8,8,20
1354,7,10,10,27
1355,2,1,10,13
1356,7,10,6,23
1357,4,2,10,16
1358,1,6,6,13
1359,5,10,10,25
1360,10,7,7,24
1361,10,6,5,21
1362,3,9,3,15
1363,4,8,10,22
1364,7,10,9,26
1365,5,4,3,12
1366,4,8,2,14
1367,8,10,9,27
1368,1,2,10,13
1369,8,2,10,20
1370,3,4,10,17
1371,10,6,5,21
1372,10,6,5,21
1373,2,10,6,18
1374,1,1,7,9
1375,1,10,9,20
1376,9,7,10,26
1377,10,7,8,25
1378,5,10,3,18
1379,1,9,5,15
1380,8,1,3,12
1381,10,3,5,18
1382,3,10,10,23
1383,1,10,10,21
1384,10,5,10,25
1385,2,1,6,9
1386,4,10,4,18
1387,9,6,8,23
1388,10,6,6,22
1389,8,2,2,12
1390,4,2,9,15
1391,7,4,7,18
1392,9,9,9,27
1393,2,10,7,19
1394,10,1,1,12
1395,10,1,5,16
1396,5,4,10,19
1397,3,10,2,15
1398,4,6,1,11
1399,4,8,7,19
1400,3,5,6,14
1401,10,10,8,28
1402,8,3,10,21
1403,9,7,6,22
1404,10,5,4,19
1405,3,2,2,7
1406,8,10,10,28
1407,10,6,7,23
1408,10,3,5,18
1409,4,5,2,11
1410,6,4,7,17
1411,3,10,10,23
1412,1,2,7,10
1413,8,5,10,23
1414,9,9,8,26
1415,1,10,10,21
1416,7,9,9,25
1417,6,10,5,21
1418,3,10,8,21
1419,7,10,8,25
1420,4,10,10,24
1421,1,4,10,15
1422,2,3,1,6
1423,6,6,2,14
1424,10,6,10,26
1425,10,1,9,20
1426,4,8,5,17
1427,7,2,7,16
1428,7,9,1,17
1429,10,3,4,17
1430,5,10,6,21
1431,2,6,10,18
1432,1,4,10,15
1433,2,7,10,19
1434,1,10,5,16
1435,8,8,2,18
1436,9,4,3,16
1437,3,10,8,21
1438,6,10,5,21
1439,3,9,10,22
1440,2,10,6,18
1441,10,10,10,30
1442,3,2,10,15
1443,10,10,6,26
1444,7,9,6,22
1445,3,5,5,13
1446,4,6,10,20
1447,8,1,8,17
1448,10,5,2,17
1449,4,3,10,17
1450,1,2,9,12
1451,9,5,4,18
1452,10,3,7,20
1453,1,8,7,16
1454,1,4,10,15
1455,9,7,8,24
1456,10,4,2,16
1457,10,8,8,26
1458,8,10,10,28
1459,7,2,4,13
1460,10,4,3,17
1461,9,2,10,21
1462,9,5,7,21
1463,6,8,9,23
1464,7,10,6,23
1465,1,2,3,6
1466,3,10,4,17
1467,1,7,6,14
1468,6,10,10,26
1469,9,5,1,15
1470,10,10,1,21
1471,3,5,5,13
1472,9,3,8,20
1473,2,10,6,18
1474,1,7,1,9
1475,4,10,10,24
1476,8,2,9,19
1477,3,10,2,15
1478,5,10,6,21
1479,10,9,7,26
1480,4,10,1,15
1481,4,10,6,20
1482,5,6,1,12
1483,4,5,10,19
1484,2,5,10,17
1485,10,7,7,24
1486,3,8,8,19
1487,9,3,10,22
1488,9,8,6,23
1489,10,8,10,28
1490,10,5,4,19
1491,10,5,6,21
1492,2,10,10,22
1493,1,3,2,6
1494,4,9,10,23
1495,5,10,7,22
1496,1,2,1,4
1497,9,8,8,25
1498,1,7,4,12
1499,3,7,6,16
1500,3,2,9,14
1501,6,10,10,26
1502,4,7,10,21
1503,5,3,10,18
1504,10,9,10,29
1505,5,5,10,20
1506,3,10,3,16
1507,10,9,7,26
1508,2,1,6,9
1509,10,5,7,22
1510,9,5,8,22
1511,10,8,1,19
1512,7,7,8,22
1513,10,4,1,15
1514,2,4,9,15
1515,3,10,3,16
1516,6,8,6,20
1517,2,1,10,13
1518,4,10,4,18
1519,2,6,10,18
1520,9,4,5,18
1521,10,10,9,29
1522,10,10,1,21
1523,10,1,2,13
1524,3,10,1,14
1525,5,2,8,15
1526,9,3,4,16
1527,2,4,1,7
1528,10,6,9,25
1529,10,8,10,28
1530,2,3,7,12
1531,5,8,7,20
1532,6,7,6,19
1533,4,6,3,13
1534,7,10,8,25
1535,10,5,10,25
1536,2,9,5,16
1537,10,4,5,19
1538,9,1,3,13
1539,10,10,8,28
1540,10,6,7,23
1541,5,10,10,25
1542,3,1,4,8
1543,4,8,7,19
1544,10,7,1,18
1545,9,2,4,15
1546,2,8,10,20
1547,3,3,10,16
1548,6,6,2,14
1549,6,9,10,25
1550,5,7,1,13
1551,10,8,10,28
1552,10,7,2,19
1553,7,5,1,13
1554,10,9,9,28
1555,10,4,6,20
1556,3,10,5,18
1557,4,1,5,10
1558,10,6,8,24
1559,10,10,9,29
1560,10,7,3,20
1561,2,8,3,13
1562,6,10,9,25
1563,7,2,10,19
1564,1,10,4,15
1565,4,8,10,22
1566,1,8,3,12
1567,2,5,6,13
1568,3,3,1,7
1569,10,4,7,21
1570,7,9,8,24
1571,1,10,3,14
1572,10,8,4,22
1573,8,4,10,22
1574,7,6,5,18
1575,9,10,4,23
1576,5,5,6,16
1577,10,10,9,29
1578,1,8,7,16
1579,9,10,6,25
1580,10,10,10,30
1581,2,2,1,5
1582,6,10,2,18
1583,2,3,5,10
1584,3,5,10,18
1585,4,7,10,21
1586,2,4,1,7
1587,10,3,9,22
1588,5,10,2,17
1589,1,10,10,21
1590,8,4,3,15
1591,7,6,1,14
1592,6,7,2,15
1593,8,2,9,19
1594,10,8,3,21
1595,10,7,4,21
1596,10,5,1,16
1597,9,10,10,29
1598,8,9,5,22
1599,6,6,10,22
1600,10,7,4,21
1601,2,7,8,17
1602,9,1,10,20
1603,8,3,6,17
1604,7,10,10,27
1605,5,4,10,19
1606,10,4,1,15
1607,10,8,5,23
1608,6,1,8,15
1609,2,6,3,11
1610,1,9,3,13
1611,6,5,2,13
1612,9,10,10,29
1613,10,10,3,23
1614,5,2,4,11
1615,10,9,7,26
1616,10,4,7,21
1617,8,3,10,21
1618,10,5,5,20
1619,2,2,10,14
1620,3,3,8,14
1621,10,5,8,23
1622,6,6,10,22
1623,10,10,9,29
1624,10,7,6,23
1625,9,10,6,25
1626,4,2,1,7
1627,8,4,2,14
1628,9,3,5,17
1629,4,1,10,15
1630,10,1,7,18
1631,7,1,9,17
1632,3,10,5,18
1633,8,1,9,18
1634,6,2,1,9
1635,6,7,2,15
1636,10,9,10,29
1637,2,10,4,16
1638,6,4,10,20
1639,8,2,3,13
1640,5,7,10,22
1641,10,5,10,25
1642,4,4,1,9
1643,9,1,5,15
1644,10,3,7,20
1645,3,7,8,18
1646,6,10,10,26
1647,8,9,10,27
1648,10,8,9,27
1649,3,6,7,16
1650,4,7,10,21
1651,2,8,4,14
1652,5,9,6,20
1653,9,2,5,16
1654,10,1,10,21
1655,3,2,1,6
1656,5,1,10,16
1657,10,3,8,21
1658,10,1,10,21
1659,5,9,10,24
1660,2,7,7,16
1661,10,6,4,20
1662,3,6,4,13
1663,10,8,10,28
1664,8,2,10,20
1665,1,10,8,19
1666,9,3,6,18
1667,9,6,6,21
1668,10,1,4,15
1669,5,3,10,18
1670,2,10,7,19
1671,10,1,7,18
1672,8,10,10,28
1673,10,10,1,21
1674,8,6,4,18
1675,4,5,9,18
1676,3,5,3,11
1677,5,7,2,14
1678,7,9,10,26
1679,2,4,10,16
1680,10,10,5,25
1681,6,2,7,15
1682,3,10,10,23
1683,2,8,4,14
1684,4,1,10,15
1685,10,6,3,19
1686,4,1,6,11
1687,9,10,10,29
1688,1,7,7,15
1689,8,8,5,21
1690,5,5,6,16
1691,9,10,1,20
1692,9,10,9,28
1693,3,10,8,21
1694,3,2,7,12
1695,10,4,2,16
1696,1,4,10,15
1697,10,7,10,27
1698,10,1,3,14
1699,2,8,10,20
1700,9,3,7,19
1701,6,4,9,19
1702,2,3,8,13
1703,1,8,9,18
1704,4,2,2,8
1705,10,10,10,30
1706,6,6,6,18
1707,7,5,9,21
1708,10,10,10,30
1709,10,5,4,19
1710,3,5,8,16
1711,7,5,1,13
1712,7,10,5,22
1713,1,1,4,6
1714,10,1,9,20
1715,7,2,10,19
1716,6,5,3,14
1717,9,7,10,26
1718,10,8,10,28
1719,3,8,2,13
1720,10,5,10,25
1721,8,10,8,26
1722,9,7,10,26
1723,10,6,3,19
1724,4,4,2,10
1725,4,2,9,15
1726,10,1,5,16
1727,6,6,3,15
1728,10,10,5,25
1729,8,3,8,19
1730,2,1,5,8
1731,6,9,7,22
1732,10,5,10,25
1733,3,4,10,17
1734,8,7,10,25
1735,3,7,5,15
1736,10,2,10,22
1737,3,4,1,8
1738,7,6,4,17
1739,4,6,1,11
1740,2,6,9,17
1741,10,1,10,21
1742,10,9,10,29
1743,2,9,8,19
1744,8,10,10,28
1745,1,10,1,12
1746,10,5,7,22
1747,10,10,3,23
1748,8,8,2,18
1749,1,10,10,21
1750,6,6,10,22
1751,3,8,5,16
1752,9,4,3,16
1753,2,4,5,11
1754,6,9,7,22
1755,4,9,3,16
1756,7,10,4,21
1757,10,9,2,21
1758,7,2,10,19
1759,5,1,6,12
1760,10,8,8,26
1761,6,9,10,25
1762,10,3,10,23
1763,7,7,10,24
1764,5,3,10,18
1765,7,5,2,14
1766,9,3,1,13
1767,10,10,8,28
1768,1,6,6,13
1769,4,10,7,21
1770,8,2,9,19
1771,2,4,3,9
1772,1,4,10,15
1773,5,9,1,15
1774,5,10,4,19
1775,6,2,10,18
1776,7,10,10,27
1777,5,10,10,25
1778,1,9,9,19
1779,1,10,2,13
1780,10,10,4,24
1781,9,5,10,24
1782,8,3,2,13
1783,3,8,1,12
1784,10,2,10,22
1785,3,5,4,12
1786,3,8,7,18
1787,6,6,6,18
1788,10,8,7,25
1789,7,2,1,10
1790,5,4,10,19
1791,6,9,4,19
1792,10,1,4,15
1793,5,8,7,20
1794,10,2,10,22
1795,10,6,10,26
1796,9,10,1,20
1797,2,4,7,13
1798,6,10,8,24
1799,4,7,1,12
1800,2,5,3,10
1801,1,4,10,15
1802,3,8,10,21
1803,10,7,9,26
1804,6,8,10,24
1805,5,10,9,24
1806,2,6,3,11
1807,5,3,9,17
1808,10,6,2,18
1809,5,10,3,18
1810,8,8,4,20
1811,1,10,10,21
1812,5,9,10,24
1813,4,10,7,21
1814,5,3,6,14
1815,9,3,7,19
1816,8,5,6,19
1817,10,1,10,21
1818,10,8,2,20
1819,3,6,2,11
1820,1,7,4,12
1821,2,10,9,21
1822,1,4,7,12
1823,9,10,10,29
1824,10,10,10,30
1825,8,7,6,21
1826,5,10,10,25
1827,10,10,4,24
1828,6,6,1,13
1829,10,1,10,21
1830,2,5,8,15
1831,4,5,3,12
1832,3,1,10,14
1833,10,7,9,26
1834,7,4,9,20
1835,3,7,2,12
1836,4,2,10,16
1837,6,8,9,23
1838,9,8,3,20
1839,5,2,1,8
1840,6,9,10,25
1841,2,5,5,12
1842,9,7,5,21
1843,10,2,1,13
1844,10,8,6,24
1845,10,8,3,21
1846,1,5,1,7
1847,10,8,10,28
1848,7,3,6,16
1849,7,4,9,20
1850,2,4,2,8
1851,4,3,10,17
1852,1,7,10,18
1853,10,8,9,27
1854,4,10,10,24
1855,6,3,10,19
1856,10,2,9,21
1857,10,3,9,22
1858,10,10,3,23
1859,5,4,6,15
1860,10,6,6,22
1861,8,3,9,20
1862,5,7,2,14
1863,7,10,6,23
1864,5,7,2,14
1865,1,1,8,10
1866,10,4,1,15
1867,10,10,10,30
1868,9,4,1,14
1869,2,10,8,20
1870,7,5,3,15
1871,8,4,10,22
1872,9,8,5,22
1873,1,8,2,11
1874,7,10,1,18
1875,3,10,3,16
1876,10,1,7,18
1877,1,2,6,9
1878,5,5,10,20
1879,10,4,4,18
1880,5,2,10,17
1881,9,10,3,22
1882,6,10,7,23
1883,3,6,9,18
1884,10,4,6,20
1885,10,2,10,22
1886,10,4,8,22
1887,8,7,9,24
1888,10,7,9,26
1889,10,5,6,21
1890,5,10,10,25
1891,8,9,10,27
1892,4,4,6,14
1893,8,10,9,27
1894,7,10,10,27
1895,3,10,3,16
1896,2,2,10,14
1897,2,10,6,18
1898,7,5,4,16
1899,1,1,9,11
1900,1,2,5,8
1901,10,1,3,14
1902,8,3,4,15
1903,6,7,8,21
1904,5,10,3,18
1905,3,8,10,21
1906,1,1,9,11
1907,6,4,6,16
1908,10,2,5,17
1909,10,5,10,25
1910,8,4,1,13
1911,6,3,9,18
1912,2,2,9,13
1913,4,10,9,23
1914,10,2,6,18
1915,10,7,7,24
1916,1,7,4,12
1917,8,10,7,25
1918,5,10,10,25
1919,10,3,8,21
1920,9,2,8,19
1921,9,6,6,21
1922,10,3,1,14
1923,8,5,10,23
1924,7,10,7,24
1925,5,9,4,18
1926,4,4,10,18
1927,2,7,1,10
1928,10,10,6,26
1929,1,10,3,14
1930,10,9,8,27
1931,4,3,3,10
1932,2,8,5,15
1933,5,6,10,21
1934,10,1,7,18
1935,10,10,2,22
1936,10,9,6,25
1937,5,2,10,17
1938,5,2,10,17
1939,7,6,3,16
1940,10,10,7,27
1941,4,7,4,15
1942,5,8,6,19
1943,10,7,9,26
1944,10,10,4,24
1945,4,2,1,7
1946,9,8,1,18
1947,3,8,10,21
1948,1,2,9,12
1949,3,5,10,18
1950,3,1,6,10
1951,8,10,10,28
1952,10,5,4,19
1953,3,9,10,22
1954,10,9,8,27
1955,2,2,7,11
1956,7,6,2,15
1957,6,5,3,14
1958,1,7,5,13
1959,9,10,3,22
1960,10,8,3,21
1961,10,8,4,22
1962,6,10,10,26
1963,10,10,10,30
1964,10,2,5,17
1965,4,7,8,19
1966,9,4,1,14
1967,1,6,1,8
1968,3,1,10,14
1969,10,9,10,29
1970,3,4,6,13
1971,10,6,10,26
1972,7,7,9,23
1973,10,3,2,15
1974,1,8,6,15
1975,1,8,9,18
1976,7,4,10,21
1977,8,9,5,22
1978,8,10,5,23
1979,10,4,2,16
1980,3,10,5,18
1981,10,2,2,14
1982,6,1,7,14
1983,10,5,4,19
1984,5,8,9,22
1985,7,1,10,18
1986,4,5,1,10
1987,10,2,2,14
1988,2,10,4,16
1989,1,10,8,19
1990,1,9,7,17
1991,10,10,5,25
1992,3,10,4,17
1993,6,4,7,17
1994,9,10,6,25
1995,7,8,9,24
1996,3,10,10,23
1997,10,3,2,15
1998,6,3,5,14
1999,6,10,8,24
2000,10,3,10,23
2001,1,6,6,13
2002,10,1,4,15
2003,5,4,9,18
2004,6,10,3,19
2005,8,10,2,20
2006,9,1,10,20
2007,10,10,8,28
2008,7,7,2,16
2009,5,5,2,12
2010,10,4,10,24
2011,8,1,3,12
2012,7,10,3,20
2013,7,9,6,22
2014,10,4,9,23
2015,2,5,8,15
2016,8,10,7,25
2017,1,10,10,21
2018,6,1,4,11
2019,4,5,5,14
2020,9,3,8,20
2021,10,1,9,20
2022,10,6,7,23
2023,7,10,3,20
2024,2,10,4,16
2025,10,2,6,18
2026,5,10,10,25
2027,2,9,3,14
2028,7,2,9,18
2029,10,8,6,24
2030,4,8,3,15
2031,10,1,5,16
2032,1,10,7,18
2033,10,5,9,24
2034,2,8,6,16
2035,4,4,10,18
2036,10,8,6,24
2037,1,4,3,8
2038,10,5,10,25
2039,10,1,9,20
2040,4,10,2,16
2041,10,6,3,19
2042,2,7,1,10
2043,3,8,7,18
2044,6,5,10,21
2045,9,7,10,26
2046,8,3,2,13
2047,5,9,10,24
2048,2,3,2,7
2049,1,6,7,14
2050,8,5,1,14
2051,7,9,10,26
2052,4,10,3,17
2053,6,4,10,20
2054,9,1,5,15
2055,10,2,10,22
2056,8,6,5,19
2057,9,6,10,25
2058,7,3,4,14
2059,10,10,5,25
2060,9,2,4,15
2061,8,10,8,26
2062,7,10,1,18
2063,10,3,10,23
2064,1,8,10,19
2065,2,10,2,14
2066,9,6,10,25
2067,5,3,3,11
2068,10,9,7,26
2069,7,9,4,20
2070,4,8,10,22
2071,6,10,9,25
2072,6,10,10,26
2073,5,5,7,17
2074,6,3,7,16
2075,3,1,8,12
2076,2,10,10,22
2077,10,8,1,19
2078,5,1,4,10
2079,2,4,10,16
2080,1,1,1,3
2081,6,10,10,26
2082,10,5,10,25
2083,7,6,7,20
2084,5,2,10,17
2085,10,10,10,30
2086,4,7,6,17
2087,3,10,9,22
2088,5,10,3,18
2089,8,9,10,27
2090,1,3,8,12
2091,8,2,3,13
2092,5,4,7,16
2093,2,6,2,10
2094,8,9,9,26
2095,4,10,4,18
2096,6,9,3,18
2097,10,4,5,19
2098,1,8,2,11
2099,10,4,3,17
2100,10,3,9,22
2101,7,4,5,16
2102,7,10,6,23
2103,2,2,10,14
2104,9,8,10,27
2105,6,5,2,13
2106,1,4,10,15
2107,10,10,8,28
2108,10,1,7,18
2109,6,10,10,26
2110,5,9,8,22
2111,1,3,7,11
2112,9,9,6,24
2113,4,10,7,21
2114,6,10,4,20
2115,2,8,10,20
2116,5,10,10,25
2117,10,10,10,30
2118,3,3,3,9
2119,2,5,10,17
2120,9,6,3,18
2121,8,5,7,20
2122,1,7,2,10
2123,5,1,9,15
2124,10,10,6,26
2125,8,4,7,19
2126,4,8,1,13
2127,1,2,10,13
2128,9,6,5,20
2129,1,10,7,18
2130,3,4,10,17
2131,10,6,8,24
2132,7,1,9,17
2133,10,9,9,28
2134,1,3,5,9
2135,5,10,6,21
2136,6,10,3,19
2137,8,4,8,20
2138,2,7,5,14
2139,10,1,10,21
2140,10,2,2,14
2141,4,7,10,21
2142,2,3,8,13
2143,10,10,4,24
2144,2,9,7,18
2145,9,2,8,19
2146,4,8,1,13
2147,3,9,5,17
2148,7,6,10,23
2149,4,2,10,16
2150,6,8,1,15
2151,4,10,3,17
2152,5,7,10,22
2153,4,10,10,24
2154,1,6,5,12
2155,10,10,7,27
2156,1,3,5,9
2157,10,6,10,26
2158,3,8,2,13
2159,10,9,10,29
2160,4,10,10,24
2161,10,10,10,30
2162,8,1,2,11
2163,7,6,6,19
2164,8,8,10,26
2165,4,9,9,22
2166,3,3,2,8
2167,4,3,6,13
2168,1,8,1,10
2169,10,7,10,27
2170,9,5,6,20
2171,3,2,7,12
2172,5,1,2,8
2173,10,10,10,30
2174,5,10,4,19
2175,9,5,7,21
2176,10,7,9,26
2177,8,1,7,16
2178,3,4,6,13
2179,10,6,4,20
2180,1,10,7,18
2181,10,5,10,25
2182,9,10,9,28
2183,3,6,9,18
2184,1,8,6,15
2185,7,5,8,20
2186,10,3,5,18
2187,4,4,10,18
2188,5,2,3,10
2189,2,2,8,12
2190,10,10,1,21
2191,10,2,10,22
2192,10,1,4,15
2193,10,2,5,17
2194,10,1,10,21
2195,8,2,10,20
2196,5,2,6,13
2197,9,4,4,17
2198,8,10,10,28
2199,3,6,6,15
2200,10,7,9,26
2201,5,1,5,11
2202,10,7,1,18
2203,7,8,10,25
2204,8,2,3,13
2205,7,6,4,17
2206,9,9,3,21
2207,10,10,3,23
2208,7,4,5,16
2209,7,3,2,12
2210,10,10,10,30
2211,6,9,10,25
2212,4,5,5,14
2213,4,1,4,9
2214,10,8,10,28
2215,10,9,7,26
2216,8,10,9,27
2217,1,1,6,8
2218,2,3,5,10
2219,6,2,10,18
2220,10,7,6,23
2221,10,3,2,15
2222,3,9,10,22
2223,8,8,1,17
2224,5,10,1,16
2225,5,10,10,25
2226,1,10,5,16
2227,10,6,6,22
2228,8,9,3,20
2229,2,8,3,13
2230,7,6,4,17
2231,3,9,4,16
2232,7,2,1,10
2233,4,8,1,13
2234,10,10,9,29
2235,10,10,10,30
2236,10,2,10,22
2237,3,8,5,16
2238,6,9,4,19
2239,7,7,2,16
2240,3,9,3,15
2241,4,2,10,16
2242,6,10,1,17
2243,5,7,2,14
2244,1,10,10,21
2245,8,6,9,23
2246,8,10,4,22
2247,9,5,5,19
2248,8,1,10,19
2249,5,10,3,18
2250,9,7,7,23
2251,10,10,10,30
2252,2,10,4,16
2253,3,6,4,13
2254,7,6,1,14
2255,2,8,10,20
2256,10,10,6,26
2257,9,6,7,22
2258,10,1,3,14
2259,6,10,10,26
2260,2,5,3,10
2261,3,10,10,23
2262,8,10,9,27
2263,6,8,7,21
2264,9,10,1,20
2265,3,4,10,17
2266,7,1,4,12
2267,5,5,2,12
2268,2,7,10,19
2269,4,5,1,10
2270,10,4,8,22
2271,8,9,2,19
2272,10,5,2,17
2273,2,6,10,18
2274,7,1,4,12
2275,10,10,2,22
2276,5,6,10,21
2277,3,4,3,10
2278,1,1,9,11
2279,3,5,7,15
2280,6,9,7,22
2281,8,9,10,27
2282,4,8,8,20
2283,1,10,7,18
2284,10,2,10,22
2285,6,10,8,24
2286,10,3,9,22
2287,4,5,10,19
2288,4,2,10,16
2289,8,10,1,19
2290,9,3,7,19
2291,1,10,3,14
2292,9,10,6,25
2293,5,10,8,23
2294,10,3,10,23
2295,1,6,10,17
2296,4,7,7,18
2297,8,10,10,28
2298,9,8,2,19
2299,1,4,10,15
2300,6,5,2,13
2301,10,5,4,19
2302,7,5,9,21
2303,3,6,2,11
2304,10,9,9,28
2305,4,2,10,16
2306,9,10,6,25
2307,10,8,1,19
2308,2,10,10,22
2309,8,9,1,18
2310,6,4,10,20
2311,5,7,7,19
2312,4,10,5,19
2313,1,10,10,21
2314,3,5,6,14
2315,3,7,3,13
2316,5,10,4,19
2317,2,6,1,9
2318,3,7,10,20
2319,8,2,8,18
2320,7,7,8,22
2321,10,10,1,21
2322,8,6,1,15
2323,10,1,5,16
2324,10,10,5,25
2325,10,4,10,24
2326,6,3,9,18
2327,4,10,10,24
2328,2,9,10,21
2329,5,10,6,21
2330,4,2,5,11
2331,3,2,3,8
2332,4,10,3,17
2333,1,8,7,16
2334,9,6,2,17
2335,8,7,9,24
2336,9,5,4,18
2337,7,8,1,16
2338,1,4,10,15
2339,6,10,7,23
2340,1,6,10,17
2341,9,10,2,21
2342,10,1,10,21
2343,9,10,3,22
2344,6,7,6,19
2345,9,3,5,17
2346,3,2,4,9
2347,10,3,8,21
2348,7,5,8,20
2349,10,4,10,24
2350,10,8,10,28
2351,5,2,2,9
2352,8,3,3,14
2353,3,4,4,11
2354,10,10,6,26
2355,10,1,10,21
2356,7,2,10,19
2357,5,6,5,16
2358,10,10,5,25
2359,1,5,7,13
2360,2,6,3,11
2361,10,8,9,27
2362,2,10,1,13
2363,9,10,7,26
2364,7,8,1,16
2365,4,10,2,16
2366,9,6,9,24
2367,4,8,10,22
2368,10,8,8,26
2369,10,2,5,17
2370,5,6,10,21
2371,1,10,7,18
2372,10,2,2,14
2373,10,7,6,23
2374,10,3,9,22
2375,9,7,1,17
2376,4,3,1,8
2377,3,10,8,21
2378,9,1,2,12
2379,9,4,8,21
2380,10,4,6,20
2381,10,5,7,22
2382,10,10,5,25
2383,4,3,6,13
2384,5,4,2,11
2385,6,1,5,12
2386,7,10,6,23
2387,5,8,10,23
2388,4,4,3,11
2389,2,5,10,17
2390,9,2,9,20
2391,8,10,10,28
2392,7,3,10,20
2393,6,6,1,13
2394,1,10,8,19
2395,1,3,9,13
2396,2,10,4,16
2397,10,10,7,27
2398,10,9,8,27
2399,10,3,7,20
2400,4,2,2,8
2401,9,9,4,22
2402,10,1,5,16
2403,3,7,1,11
2404,10,6,8,24
2405,9,10,1,20
2406,10,4,5,19
2407,10,6,6,22
2408,7,10,8,25
2409,8,8,4,20
2410,5,10,2,17
2411,10,3,7,20
2412,3,3,10,16
2413,9,10,10,29
2414,10,7,2,19
2415,1,5,6,12
2416,9,10,6,25
2417,4,10,8,22
2418,6,2,10,18
2419,2,2,1,5
2420,7,6,5,18
2421,10,8,1,19
2422,10,3,4,17
2423,4,10,7,21
2424,10,3,5,18
2425,9,1,7,17
2426,10,3,9,22
2427,4,10,5,19
2428,3,1,8,12
2429,5,10,10,25
2430,6,10,9,25
2431,8,2,7,17
2432,9,1,7,17
2433,8,2,8,18
2434,10,8,3,21
2435,5,9,1,15
2436,3,4,2,9
2437,4,9,1,14
2438,3,10,4,17
2439,2,7,10,19
2440,2,7,10,19
2441,10,5,6,21
2442,6,6,1,13
2443,10,6,10,26
2444,10,7,8,25
2445,3,10,5,18
2446,5,9,4,18
2447,10,10,10,30
2448,4,10,3,17
2449,7,1,2,10
2450,3,10,10,23
2451,7,6,1,14
2452,2,9,6,17
2453,2,8,4,14
2454,5,4,10,19
2455,5,4,5,14
2456,10,1,10,21
2457,7,10,7,24
2458,6,10,8,24
2459,3,9,8,20
2460,3,2,6,11
2461,5,10,10,25
2462,9,10,10,29
2463,8,1,9,18
2464,8,6,9,23
2465,4,6,5,15
2466,10,7,4,21
2467,5,2,10,17
2468,3,1,6,10
2469,4,10,8,22
2470,7,3,6,16
2471,10,8,10,28
2472,2,7,3,12
2473,9,2,8,19
2474,3,5,9,17
2475,1,10,10,21
2476,10,1,10,21
2477,2,9,4,15
2478,10,7,1,18
2479,5,10,10,25
2480,5,10,10,25
2481,10,8,9,27
2482,4,2,9,15
2483,5,4,10,19
2484,5,10,4,19
2485,2,10,1,13
2486,7,7,5,19
2487,8,10,9,27
2488,6,10,3,19
2489,10,6,2,18
2490,9,3,10,22
2491,3,8,1,12
2492,10,6,6,22
2493,2,1,7,10
2494,10,3,4,17
2495,7,1,8,16
2496,10,6,8,24
2497,4,5,10,19
2498,1,10,8,19
2499,8,9,5,22
2500,2,10,10,22
2501,9,6,7,22
2502,6,10,3,19
2503,1,4,2,7
2504,10,6,4,20
2505,7,7,9,23
2506,1,8,7,16
2507,10,3,10,23
2508,10,1,2,13
2509,10,10,9,29
2510,5,2,5,12
2511,4,3,3,10
2512,10,10,7,27
2513,6,2,10,18
2514,1,9,3,13
2515,4,10,10,24
2516,9,3,6,18
2517,6,3,7,16
2518,1,9,5,15
2519,10,6,10,26
2520,8,5,10,23
2521,3,10,4,17
2522,9,5,10,24
2523,2,1,4,7
2524,7,10,2,19
2525,2,8,1,11
2526,8,10,5,23
2527,4,7,8,19
2528,10,8,7,25
2529,4,9,1,14
2530,10,6,8,24
2531,9,1,4,14
2532,5,10,10,25
2533,10,8,5,23
2534,3,1,6,10
2535,10,10,2,22
2536,9,3,2,14
2537,4,7,2,13
2538,5,9,7,21
2539,1,4,10,15
2540,10,7,6,23
2541,10,3,2,15
2542,6,5,8,19
2543,10,10,3,23
2544,10,5,10,25
2545,6,10,3,19
2546,9,9,1,19
2547,10,5,4,19
2548,6,10,10,26
2549,10,8,7,25
2550,5,8,1,14
2551,1,2,10,13
2552,4,6,3,13
2553,7,3,7,17
2554,3,10,2,15
2555,10,2,4,16
2556,8,9,8,25
2557,9,7,10,26
2558,6,4,10,20
2559,2,5,1,8
2560,3,2,8,13
2561,1,10,10,21
2562,9,10,6,25
2563,5,8,3,16
2564,10,5,2,17
2565,3,3,10,16
2566,9,10,6,25
2567,10,2,2,14
2568,5,9,9,23
2569,10,7,7,24
2570,10,4,4,18
2571,1,4,7,12
2572,8,6,1,15
2573,7,10,4,21
2574,6,1,10,17
2575,5,8,10,23
2576,4,5,6,15
2577,2,9,1,12
2578,10,8,3,21
2579,10,10,10,30
2580,3,6,10,19
2581,10,5,3,18
2582,8,2,8,18
2583,6,4,10,20
2584,10,2,10,22
2585,1,4,2,7
2586,7,5,6,18
2587,10,10,10,30
2588,7,7,3,17
2589,1,1,7,9
2590,4,8,5,17
2591,9,9,9,27
2592,10,1,9,20
2593,5,2,10,17
2594,10,5,8,23
2595,4,3,5,12
2596,6,2,1,9
2597,6,10,7,23
2598,6,9,2,17
2599,8,8,6,22
2600,1,10,5,16
2601,4,3,10,17
2602,10,9,7,26
2603,3,10,8,21
2604,7,4,1,12
2605,10,10,9,29
2606,2,10,4,16
2607,7,10,3,20
2608,5,4,1,10
2609,4,6,10,20
2610,7,10,10,27
2611,10,6,7,23
2612,10,2,3,15
2613,4,10,7,21
2614,10,8,5,23
2615,1,10,9,20
2616,10,8,8,26
2617,6,10,10,26
2618,2,9,8,19
2619,7,3,1,11
2620,3,1,9,13
2621,5,9,6,20
2622,2,4,5,11
2623,3,2,10,15
2624,8,8,10,26
2625,6,10,2,18
2626,10,1,8,19
2627,2,3,10,15
2628,3,2,10,15
2629,9,4,10,23
2630,10,4,7,21
2631,1,2,10,13
2632,10,9,1,20
2633,6,6,7,19
2634,8,7,5,20
2635,10,3,3,16
2636,4,7,1,12
2637,6,10,10,26
2638,4,9,5,18
2639,5,5,9,19
2640,8,4,8,20
2641,4,2,6,12
2642,10,6,9,25
2643,2,6,7,15
2644,10,10,2,22
2645,10,7,8,25
2646,4,1,7,12
2647,10,3,3,16
2648,10,9,10,29
2649,9,8,1,18
2650,2,3,5,10
2651,5,7,10,22
2652,6,4,10,20
2653,1,10,10,21
2654,9,5,3,17
2655,5,10,1,16
2656,10,6,3,19
2657,10,8,6,24
2658,7,10,10,27
2659,10,7,8,25
2660,10,4,5,19
2661,10,10,7,27
2662,10,1,10,21
2663,9,9,5,23
2664,1,1,10,12
2665,6,5,3,14
2666,4,4,7,15
2667,2,1,8,11
2668,8,3,9,20
2669,5,9,4,18
2670,2,2,2,6
2671,6,3,10,19
2672,3,7,10,20
2673,5,6,4,15
2674,10,10,10,30
2675,1,2,7,10
2676,3,6,1,10
2677,7,8,5,20
2678,9,4,4,17
2679,9,2,5,16
2680,1,2,1,4
2681,10,10,10,30
2682,10,6,10,26
2683,2,3,8,13
2684,9,6,10,25
2685,3,8,10,21
2686,4,10,8,22
2687,9,7,5,21
2688,6,3,5,14
2689,1,8,1,10
2690,10,6,5,21
2691,10,6,10,26
2692,7,10,3,20
2693,10,7,8,25
2694,5,3,2,10
2695,2,2,10,14
2696,8,4,10,22
2697,9,4,6,19
2698,3,10,8,21
2699,7,4,9,20
2700,9,2,10,21
2701,10,10,1,21
2702,9,1,4,14
2703,5,10,7,22
2704,10,1,1,12
2705,2,6,10,18
2706,4,10,9,23
2707,6,7,10,23
2708,6,7,4,17
2709,10,3,8,21
2710,4,2,2,8
2711,8,1,5,14
2712,10,10,2,22
2713,3,10,1,14
2714,9,5,8,22
2715,5,10,8,23
2716,5,4,10,19
2717,7,7,3,17
2718,9,10,3,22
2719,10,9,6,25
2720,10,4,1,15
2721,2,3,10,15
2722,5,10,1,16
2723,9,7,6,22
2724,6,10,6,22
2725,10,8,3,21
2726,10,7,10,27
2727,9,10,9,28
2728,6,4,7,17
2729,1,3,5,9
2730,3,2,1,6
2731,8,10,4,22
2732,2,8,7,17
2733,10,9,8,27
2734,10,5,2,17
2735,4,5,10,19
2736,7,3,10,20
2737,7,4,8,19
2738,6,9,3,18
2739,2,2,10,14
2740,10,8,9,27
2741,3,5,10,18
2742,8,4,7,19
2743,3,1,5,9
2744,6,4,10,20
2745,5,2,8,15
2746,10,1,4,15
2747,10,9,10,29
2748,10,7,5,22
2749,10,1,10,21
2750,1,9,6,16
2751,6,2,10,18
2752,2,6,10,18
2753,8,5,6,19
2754,10,10,7,27
2755,10,3,3,16
2756,4,10,2,16
2757,3,1,2,6
2758,9,10,5,24
2759,10,8,2,20
2760,8,10,1,19
2761,7,1,9,17
2762,6,7,4,17
2763,4,3,5,12
2764,10,9,10,29
2765,10,4,1,15
2766,10,6,7,23
2767,5,8,9,22
2768,5,4,3,12
2769,2,6,3,11
2770,8,5,10,23
2771,9,1,2,12
2772,8,10,6,24
2773,10,10,10,30
2774,1,10,3,14
2775,7,8,7,22
2776,10,2,1,13
2777,10,8,3,21
2778,6,1,2,9
2779,6,10,9,25
2780,7,5,10,22
2781,7,5,9,21
2782,4,10,10,24
2783,4,4,9,17
2784,10,10,1,21
2785,6,8,6,20
2786,8,7,3,18
2787,1,2,10,13
2788,5,10,10,25
2789,1,10,3,14
2790,2,5,6,13
2791,10,10,10,30
2792,9,2,3,14
2793,10,7,1,18
2794,10,6,2,18
2795,8,4,9,21
2796,7,5,5,17
2797,9,9,4,22
2798,4,7,10,21
2799,8,3,4,15
2800,1,4,10,15
2801,3,1,8,12
2802,7,10,2,19
2803,8,5,10,23
2804,9,8,4,21
2805,6,5,9,20
2806,2,10,7,19
2807,10,9,6,25
2808,7,5,4,16
2809,10,1,6,17
2810,2,6,10,18
2811,10,3,10,23
2812,10,10,3,23
2813,7,9,4,20
2814,10,1,8,19
2815,2,3,5,10
2816,8,8,10,26
2817,10,6,2,18
2818,5,3,1,9
2819,9,5,10,24
2820,3,7,10,20
2821,1,3,1,5
2822,4,4,6,14
2823,9,2,10,21
2824,9,2,7,18
2825,6,10,10,26
2826,4,4,10,18
2827,10,10,7,27
2828,10,8,6,24
2829,5,9,5,19
2830,3,7,2,12
2831,10,1,8,19
2832,10,4,3,17
2833,1,2,10,13
2834,8,6,5,19
2835,10,2,9,21
2836,10,2,9,21
2837,5,10,10,25
2838,1,9,6,16
2839,8,8,3,19
2840,7,7,3,17
2841,10,4,9,23
2842,7,6,10,23
2843,10,1,1,12
2844,7,10,5,22
2845,10,4,5,19
2846,6,10,4,20
2847,2,3,8,13
2848,8,10,5,23
2849,9,10,3,22
2850,6,7,4,17
2851,7,2,2,11
2852,9,10,10,29
2853,1,10,5,16
2854,7,2,7,16
2855,10,10,10,30
2856,3,5,10,18
2857,9,4,4,17
2858,8,6,8,22
2859,10,5,6,21
2860,1,4,1,6
2861,1,8,10,19
2862,3,9,2,14
2863,6,10,3,19
2864,6,5,1,12
2865,3,10,10,23
2866,10,8,4,22
2867,4,1,8,13
2868,7,6,2,15
2869,9,8,7,24
2870,10,7,3,20
2871,10,9,7,26
2872,5,2,10,17
2873,9,2,6,17
2874,6,2,5,13
2875,9,5,10,24
2876,1,10,10,21
2877,4,3,1,8
2878,8,10,3,21
2879,4,10,10,24
2880,9,1,5,15
2881,10,6,2,18
2882,10,10,10,30
2883,1,7,3,11
2884,6,10,10,26
2885,4,2,8,14
2886,7,8,5,20
2887,8,1,10,19
2888,7,10,3,20
2889,2,10,8,20
2890,4,3,9,16
2891,10,10,4,24
2892,10,6,9,25
2893,3,4,5,12
2894,6,7,2,15
2895,9,1,5,15
2896,2,5,10,17
2897,5,10,6,21
2898,1,10,1,12
2899,2,3,9,14
2900,7,8,10,25
2901,7,5,8,20
2902,1,4,9,14
2903,6,2,2,10
2904,9,3,6,18
2905,10,3,10,23
2906,7,5,1,13
2907,10,8,9,27
2908,7,10,4,21
2909,3,10,10,23
2910,4,10,6,20
2911,8,4,10,22
2912,7,3,10,20
2913,6,9,7,22
2914,2,10,6,18
2915,2,3,10,15
2916,10,5,10,25
2917,2,10,4,16
2918,4,6,9,19
2919,2,10,8,20
2920,10,1,8,19
2921,1,8,10,19
2922,9,8,1,18
2923,4,10,5,19
2924,7,10,6,23
2925,5,9,4,18
2926,3,10,1,14
2927,3,5,7,15
2928,9,2,7,18
2929,2,10,6,18
2930,3,10,2,15
2931,10,4,3,17
2932,8,5,10,23
2933,3,10,10,23
2934,10,1,6,17
2935,10,8,4,22
2936,3,7,1,11
2937,10,9,4,23
2938,1,8,7,16
2939,5,9,7,21
2940,2,10,4,16
2941,6,1,5,12
2942,5,8,10,23
2943,9,10,6,25
2944,5,8,10,23
2945,7,1,2,10
2946,10,8,10,28
2947,8,3,6,17
2948,10,7,10,27
2949,2,3,4,9
2950,2,6,2,10
2951,3,10,4,17
2952,9,1,4,14
2953,6,10,8,24
2954,7,10,3,20
2955,9,4,1,14
2956,9,5,5,19
2957,5,6,10,21
2958,7,10,10,27
2959,10,1,9,20
2960,7,10,10,27
2961,10,9,4,23
2962,6,10,4,20
2963,7,6,3,16
2964,5,1,8,14
2965,9,2,8,19
2966,10,2,10,22
2967,9,3,2,14
2968,4,9,7,20
2969,1,8,7,16
2970,10,3,1,14
2971,6,6,10,22
2972,2,1,8,11
2973,5,3,10,18
2974,10,10,4,24
2975,10,5,5,20
2976,2,6,6,14
2977,3,5,7,15
2978,9,2,5,16
2979,2,8,4,14
2980,1,9,7,17
2981,9,10,7,26
2982,10,4,7,21
2983,10,10,1,21
2984,5,10,10,25
2985,1,9,10,20
2986,4,10,8,22
2987,10,8,3,21
2988,8,10,3,21
2989,4,10,5,19
2990,1,2,3,6
2991,6,10,6,22
2992,5,3,7,15
2993,8,3,9,20
2994,1,4,2,7
2995,6,2,6,14
2996,9,10,7,26
2997,5,9,10,24
2998,4,10,7,21
2999,2,8,5,15
